,Flare_Number,Flare_ID,Trigger_Time,Cancelled?,Max_FOXSI,Mean_FOXSI,Max_HiC,Mean_HiC,Max_FOXSI_and_HiC_C5,Max_FOXSI_C5,Mean_FOXSI_C5,Max_HiC_C5,Mean_HiC_C5,Flare_C5,Flare_Class,Flare_Max_Flux,Peak_Time,Start_to_Peak,Background_Flux,Flare_C5_10min
0,165,201703271103,543885060.0,True,1.856287894952402e-06,1.4242705219658092e-06,1.4336075082610478e-06,1.1909939985343954e-06,False,False,False,False,False,True,C5.0,5.0370404e-06,2017-03-27T11:12:00.000,9.0,1.5002821385223797e-07,False
2,175,201703271809,543910620.0,False,2.895364104915643e-06,1.9037191805182374e-06,1.9486424207570963e-06,1.3656344890478067e-06,False,False,False,False,False,True,C7.9,7.992929e-06,2017-03-27T18:20:00.000,11.0,6.575513680218137e-07,False
3,187,201703280313,543943320.0,True,5.456691951621906e-07,4.5401449710880115e-07,4.3305018948558427e-07,4.223722669394192e-07,False,False,False,False,False,False,C4.7,4.7928793e-06,2017-03-28T03:23:00.000,10.0,4.0248244204121875e-07,False
4,189,201703280445,543948840.0,False,2.7194164431421086e-06,1.8421090999254375e-06,1.9111573692498496e-06,1.327121935901232e-06,False,False,False,False,False,False,C4.9,4.983745e-06,2017-03-28T04:56:00.000,11.0,2.5382095714121533e-07,False
5,251,201704012131,544354920.0,False,6.28130801487714e-05,5.996950130793266e-05,6.0873069742228836e-05,5.9502159274416044e-05,True,True,True,True,True,True,M6.8,6.87118e-05,2017-04-01T21:48:00.000,17.0,9.480689868723857e-07,True
6,252,201704012259,544359660.0,False,1.8664902654563775e-06,1.689896521384071e-06,1.7483438341514557e-06,1.5292962416424416e-06,False,False,False,False,False,True,C7.8,7.800008e-06,2017-04-01T23:03:00.000,4.0,1.0987513405780192e-06,False
7,257,201704020233,544373100.0,True,2.5123940758930985e-06,2.3481807147618383e-06,2.5123940758930985e-06,2.4702412702026777e-06,False,False,False,False,False,True,M1.2,1.2240209e-05,2017-04-02T02:46:00.000,13.0,6.917163091202383e-07,False
8,258,201704020251,544373100.0,True,2.5123940758930985e-06,2.3481807147618383e-06,2.5123940758930985e-06,2.4702412702026777e-06,False,False,False,False,False,False,C2.4,2.4316198e-06,2017-04-02T02:58:00.000,7.0,1.790348164831812e-06,False
9,261,201704020742,544391640.0,False,8.392012387048453e-05,7.722142618149519e-05,8.053233614191413e-05,6.925860361661762e-05,True,True,True,True,True,True,M8.3,8.383287e-05,2017-04-02T08:02:00.000,20.0,1.4673271380161168e-06,True
10,264,201704021250,544409760.0,False,3.033543544006534e-05,2.4820399630698375e-05,2.5404278858331963e-05,2.1394298528321087e-05,True,True,True,True,True,True,M3.6,3.6941372e-05,2017-04-02T13:00:00.000,10.0,9.497819064563373e-07,True
11,267,201704021814,544429440.0,False,3.346323501318693e-05,2.8314692826825194e-05,3.362597999512218e-05,3.183808075846173e-05,True,True,True,True,True,True,M3.3,3.3523487e-05,2017-04-02T18:38:00.000,24.0,1.9914496078854427e-06,True
12,268,201704021845,544429980.0,False,3.063830081373453e-05,2.8455020583351143e-05,2.9906492272857577e-05,2.8222159016877413e-05,True,True,True,True,True,True,M3.2,3.239735e-05,2017-04-02T18:52:00.000,7.0,2.7225098165217787e-05,True
13,269,201704022026,544436940.0,False,5.289891123538837e-05,3.232146264053881e-05,3.410673889447935e-05,2.0465789930312894e-05,True,True,True,True,True,True,M8.8,8.884683e-05,2017-04-02T20:33:00.000,7.0,5.601001703325892e-06,True
14,271,201704030050,544453140.0,False,1.78388218046166e-05,1.4318068679131102e-05,1.4731290320924018e-05,1.2068642718077172e-05,True,True,True,True,True,True,,1.9677913e-05,2017-04-03T01:05:00.000,15.0,2.783206355161383e-06,True
15,274,201704030453,544467540.0,False,6.887119525345042e-06,6.383058007486397e-06,6.352842774504097e-06,6.071839834476123e-06,True,True,True,True,True,True,,7.515175e-06,2017-04-03T05:03:00.000,10.0,2.8690283215837553e-06,True
16,275,201704030516,544468800.0,False,8.810324288788252e-06,8.476158654957544e-06,8.134906238410622e-06,8.134906238410622e-06,True,True,True,True,True,False,,3.3803126e-06,2017-04-03T06:35:00.000,79.0,5.601833890978014e-06,True
17,277,201704030809,544479180.0,True,4.011950750282267e-06,3.6529154385789298e-06,3.924442808056483e-06,3.404658627914614e-06,False,False,False,False,False,True,,5.8499177e-06,2017-04-03T08:14:00.000,5.0,2.3570016765006585e-06,False
19,286,201704031317,544497660.0,False,6.420198587875348e-06,5.517299086932326e-06,5.5611903917451855e-06,5.020496701035881e-06,True,True,True,True,True,True,,1.147957e-05,2017-04-03T13:24:00.000,7.0,3.0725609576620627e-06,True
20,287,201704031417,544501320.0,False,8.560806600144133e-05,6.201642827363685e-05,6.617600593017414e-05,4.5330303692026064e-05,True,True,True,True,True,True,,9.061434e-05,2017-04-03T14:28:00.000,11.0,5.51786024516332e-06,True
21,289,201704032005,544522320.0,True,4.257153705111705e-06,3.6418512081581866e-06,4.28960811404977e-06,3.699686885738629e-06,False,False,False,False,False,True,,7.823985e-06,2017-04-03T20:13:00.000,8.0,1.5227964240693836e-06,False
22,314,201704042329,544621200.0,True,1.963649765457376e-06,1.3977329444969655e-06,1.3606202173832571e-06,1.1551184115887736e-06,False,False,False,False,False,True,C7.6,7.6273077e-06,2017-04-04T23:42:00.000,13.0,6.815872666265932e-07,False
24,332,201704061202,544752300.0,False,8.047770279517863e-06,6.2755866565566976e-06,6.504726115963422e-06,5.164942649571458e-06,True,True,True,True,True,True,C8.6,8.650007e-06,2017-04-06T12:10:00.000,8.0,3.1955863732946455e-07,True
25,342,201704071942,544866420.0,True,1.839235551415186e-06,1.8007841617873055e-06,1.80276788341871e-06,1.7864044821180869e-06,False,False,False,False,False,True,C6.7,6.7087285e-06,2017-04-07T19:49:00.000,7.0,1.448794506586637e-07,False
26,402,201704180924,545780280.0,False,4.4351713768264744e-06,3.9830861169321e-06,4.146159881202038e-06,3.5281298096379032e-06,False,False,False,False,False,True,C5.1,5.162689e-06,2017-04-18T09:41:00.000,17.0,1.1838033486810673e-07,False
27,496,201705281920,549271560.0,False,3.365362999829813e-06,2.7183057227375684e-06,2.796326725729159e-06,2.339491629754775e-06,False,False,False,False,False,True,C5.1,5.1908414e-06,2017-05-28T19:28:00.000,8.0,1.421961002279204e-07,False
29,534,201706010137,549553260.0,False,7.640626790816896e-06,5.9768462961073965e-06,6.359407507261494e-06,4.708204414782813e-06,True,True,True,True,False,True,M1.0,1.0207464e-05,2017-06-01T01:43:00.000,6.0,9.444300417271734e-07,True
30,567,201706021751,549698100.0,False,5.2572108870663214e-06,4.167033239355078e-06,4.416915544425137e-06,3.3419094052078435e-06,False,True,False,False,False,True,,1.24234975e-05,2017-06-02T17:57:00.000,6.0,1.9842894971588976e-07,False
31,575,201706031443,549773760.0,True,1.0765476190499612e-06,9.529938438390673e-07,1.0734227089415072e-06,7.626596811860509e-07,False,False,False,False,False,False,C3.9,3.9501815e-06,2017-06-03T14:56:00.000,13.0,1.279184118629928e-07,False
33,700,201707031605,552370380.0,False,4.131315108679701e-06,3.767989028347074e-06,4.009551048511639e-06,3.7087138480274007e-06,False,False,False,False,False,True,M2.0,2.035344e-05,2017-07-03T16:15:00.000,10.0,9.326345775662048e-07,False
34,783,201707082344,552829920.0,False,1.039797894009098e-06,7.125859724510519e-07,7.005417614891485e-07,5.609460913547082e-07,False,False,False,False,False,True,C5.4,5.4071425e-06,2017-07-08T23:53:00.000,9.0,4.367742008071218e-07,False
36,788,201707090309,552842100.0,False,1.7147414837381802e-05,1.5415436791954562e-05,1.5898176570772193e-05,1.4174632269714493e-05,True,True,True,True,True,False,,4.794067e-07,2017-07-09T03:10:00.000,1.0,4.957967689733778e-07,True
37,798,201707091143,552873420.0,False,8.123353836708702e-06,8.043073648877908e-06,8.214929948735517e-06,8.13496171758743e-06,True,True,True,True,True,True,,8.21493e-06,2017-07-09T12:12:00.000,29.0,2.589778489436867e-07,True
39,842,201707132001,553248240.0,True,4.6406562432821374e-06,2.8008550998492865e-06,2.7392388801672496e-06,1.943466713782982e-06,False,False,False,False,False,True,M1.2,1.2766834e-05,2017-07-13T20:05:00.000,4.0,5.399061251409876e-07,False
41,846,201707132146,553254780.0,False,2.7621006211120402e-06,2.0874006168014603e-06,2.1747696337115485e-06,1.6457638594147284e-06,False,False,False,False,False,True,C9.3,9.327229e-06,2017-07-13T21:55:00.000,9.0,4.949567937728716e-07,False
42,848,201707140105,553267560.0,False,2.3560649424325675e-05,1.980330671358388e-05,2.5901306798914447e-05,2.2897818780620582e-05,True,True,True,True,True,True,M3.7,3.765344e-05,2017-07-14T02:09:00.000,64.0,2.1537948668992613e-06,True
43,868,201707151920,553419120.0,False,6.714566552545875e-06,5.09962455907953e-06,5.475737907545408e-06,3.852123427350307e-06,True,True,True,True,False,True,C9.0,9.0573485e-06,2017-07-15T19:36:00.000,16.0,3.366514249592001e-07,True
44,890,201707170323,553534080.0,True,6.544558459609107e-07,4.700505087384954e-07,4.436117819750507e-07,4.045327841595281e-07,False,False,False,False,False,False,C3.6,3.6039758e-06,2017-07-17T03:28:00.000,5.0,2.798392415570561e-07,False
45,961,201708140202,555948720.0,True,5.271926966088358e-07,3.6489464605438116e-07,3.7565251886917395e-07,2.7298207783132966e-07,False,False,False,False,False,False,,2.8165518e-06,2017-08-14T02:13:00.000,11.0,1.330347743078164e-07,False
46,970,201708141034,555979500.0,True,9.221178061125102e-07,7.561187089777377e-07,7.725610089437396e-07,6.629646236433473e-07,False,False,False,False,False,False,,4.355793e-06,2017-08-14T10:46:00.000,12.0,1.4748546561804687e-07,False
47,1039,201708181944,556357980.0,False,7.038080639176769e-06,6.925360594323138e-06,6.946788289496908e-06,6.814614152972354e-06,True,True,True,True,True,True,C6.9,6.9565394e-06,2017-08-18T20:02:00.000,18.0,6.333386863843771e-07,True
49,1043,201708190126,556378320.0,False,5.437457275547786e-06,5.056227109889733e-06,5.175672413315624e-06,4.628662281902507e-06,True,True,True,True,False,True,C5.5,5.571371e-06,2017-08-19T01:37:00.000,11.0,5.053243512520567e-07,False
50,1060,201708192124,556451040.0,False,1.1238476872676983e-05,1.102430178434588e-05,1.1238476872676983e-05,1.0572462088020984e-05,True,True,True,True,True,True,M1.1,1.1198944e-05,2017-08-19T21:55:00.000,31.0,6.571296466972854e-07,True
51,1062,201708200134,556465380.0,False,1.8718879800871946e-05,1.7821806977735832e-05,1.841659650381189e-05,1.6415337086073123e-05,True,True,True,True,True,True,M1.8,1.8591947e-05,2017-08-20T01:52:00.000,18.0,8.63975401443895e-07,True
52,1073,201708201914,556529100.0,False,1.5040573998703621e-05,1.4709596143802628e-05,1.5205564523057546e-05,1.4877113244438078e-05,True,True,True,True,True,True,M1.5,1.50812675e-05,2017-08-20T19:39:00.000,25.0,9.522846653453598e-07,True
53,1077,201708210303,556557060.0,False,8.58176554174861e-06,7.414415449602529e-06,7.454384558513993e-06,6.727229902026011e-06,True,True,True,True,True,True,C9.4,9.492988e-06,2017-08-21T03:17:00.000,14.0,6.277141437749378e-07,True
54,1113,201708250711,556917960.0,False,6.493949967989465e-06,6.070395102142356e-06,6.1361979533103295e-06,5.740935648645973e-06,True,True,True,True,True,True,C8.6,8.625802e-06,2017-08-25T07:27:00.000,16.0,1.6715982553705544e-07,True
55,1139,201708271507,557118900.0,True,3.65941264135472e-06,2.680227225937415e-06,2.870230673579499e-06,1.9222250102757243e-06,False,False,False,False,False,True,C9.7,9.706485e-06,2017-08-27T15:16:00.000,9.0,1.4872925646614021e-07,False
56,1158,201708290250,557247540.0,True,2.4881276203814195e-06,2.1588014078588458e-06,2.223018555014278e-06,1.918409225254436e-06,False,False,False,False,False,False,C4.4,4.4283224e-06,2017-08-29T03:00:00.000,10.0,6.662507985311095e-07,False
57,1184,201708301830,557390520.0,False,3.970991656387923e-06,2.660070776983048e-06,2.7160767785971984e-06,1.9533285922079813e-06,False,False,False,False,False,True,C8.2,8.250815e-06,2017-08-30T18:45:00.000,15.0,3.0180191856743477e-07,False
58,1228,201709021520,557638440.0,False,1.1794813872256782e-05,1.095581228582887e-05,1.1316186828480568e-05,1.0059070518764202e-05,True,True,True,True,True,True,M1.1,1.1840938e-05,2017-09-02T15:41:00.000,21.0,4.974916691935505e-07,True
60,1249,201709041212,557799300.0,True,1.2956003047293052e-05,1.2615107152669225e-05,1.2956003047293052e-05,1.2126866749895271e-05,True,True,True,True,True,True,M1.2,1.2260593e-05,2017-09-04T12:16:00.000,4.0,8.19435535959201e-06,True
61,1250,201709041220,557799300.0,True,1.2956003047293052e-05,1.2615107152669225e-05,1.2956003047293052e-05,1.2126866749895271e-05,True,True,True,True,True,True,M1.2,1.2889551e-05,2017-09-04T12:25:00.000,5.0,1.1185922630829737e-05,True
63,1252,201709041524,557810940.0,True,5.182714176044101e-06,4.595971404341981e-06,4.621759671863401e-06,4.270671979611507e-06,False,True,False,False,False,True,M2.3,2.3230836e-05,2017-09-04T15:30:00.000,6.0,4.618990715243854e-06,True
64,1255,201709041716,557818680.0,True,6.572186975972727e-06,5.814793894387549e-06,5.853350558027159e-06,5.375580713007366e-06,True,True,True,True,True,True,C9.3,9.330422e-06,2017-09-04T17:39:00.000,23.0,2.543574964875006e-06,True
65,1256,201709041802,557820420.0,False,1.5149551472859457e-05,1.2104307643312495e-05,1.5781266483827494e-05,1.4179167010297533e-05,True,True,True,True,True,True,C9.7,9.756558e-06,2017-09-04T18:09:00.000,7.0,5.574038823397132e-06,True
66,1257,201709041812,557820420.0,False,1.5149551472859457e-05,1.2104307643312495e-05,1.5781266483827494e-05,1.4179167010297533e-05,True,True,True,True,True,True,M1.5,1.5713755e-05,2017-09-04T18:22:00.000,10.0,8.038347914407495e-06,True
67,1258,201709041925,557825340.0,False,2.6863686798606068e-05,2.5892919438774697e-05,2.6263554900651798e-05,2.4840344849508256e-05,True,True,True,True,True,True,M2.6,2.681511e-05,2017-09-04T19:37:00.000,12.0,1.8677559637580998e-05,True
68,1259,201709041958,557827260.0,True,1.754737058945466e-05,1.6950381905189715e-05,1.7040585589711554e-05,1.6826643332024105e-05,True,True,True,True,True,True,M2.3,2.38496e-05,2017-09-04T20:02:00.000,4.0,1.6233463611570187e-05,True
69,1260,201709042022,557828700.0,False,8.49221323733218e-05,6.36171389487572e-05,6.353528442559764e-05,5.4443928092950955e-05,True,True,True,True,True,True,M8.4,8.48785e-05,2017-09-04T20:33:00.000,11.0,2.0442350432858802e-05,True
70,1261,201709042209,557835060.0,False,2.6311487090424635e-05,2.3398411940434016e-05,2.346509791095741e-05,2.17212855204707e-05,True,True,True,True,True,True,M3.3,3.3068853e-05,2017-09-04T22:14:00.000,5.0,2.132465670001693e-05,True
71,1262,201709050030,557843580.0,True,1.1563871339603793e-05,9.99150415736949e-06,1.006256297841901e-05,9.144140676653478e-06,True,True,True,True,True,True,M1.5,1.5131646e-05,2017-09-05T00:35:00.000,5.0,8.573921149945818e-06,True
72,1263,201709050102,557845560.0,False,1.8671509678824805e-05,1.5606625311193056e-05,1.562149373057764e-05,1.3887353816244286e-05,True,True,True,True,True,True,M6.4,6.4639e-05,2017-09-05T01:08:00.000,6.0,6.535465217893943e-06,True
73,1266,201709050339,557855040.0,False,1.5441006326000206e-05,1.4659376574854832e-05,1.4774355804547668e-05,1.4014957741892431e-05,True,True,True,True,True,True,M1.5,1.5586178e-05,2017-09-05T03:51:00.000,12.0,8.223463737522252e-06,True
74,1267,201709050427,557857920.0,False,4.1645474993856624e-05,3.816011667368002e-05,4.3661326344590634e-05,4.086860644747503e-05,True,True,True,True,True,True,M5.0,5.033511e-05,2017-09-05T04:53:00.000,26.0,1.2416462595865596e-05,True
75,1268,201709050633,557865360.0,False,2.2353297026711516e-05,1.7244939954252914e-05,1.7466269127908163e-05,1.4449004083871841e-05,True,True,True,True,True,True,M5.8,5.8656748e-05,2017-09-05T06:40:00.000,7.0,5.138183951203246e-06,True
76,1269,201709051009,557878620.0,True,5.212582436797675e-06,4.553547569230432e-06,4.6025893425394315e-06,4.1786302062973846e-06,False,True,False,False,False,True,C8.4,8.409007e-06,2017-09-05T10:19:00.000,10.0,2.512065975679434e-06,False
77,1272,201709051323,557890200.0,False,9.694814252725337e-06,9.104581295105163e-06,9.27284600038547e-06,8.65353285917081e-06,True,True,True,True,True,True,M1.0,1.0749391e-05,2017-09-05T13:34:00.000,11.0,2.0131001292611472e-06,True
78,1273,201709051605,557900280.0,True,2.9164800707803806e-06,2.5223414468200644e-06,2.556048229962471e-06,2.283470848851721e-06,False,False,False,False,False,True,C5.7,5.728296e-06,2017-09-05T16:19:00.000,14.0,1.4763497802050551e-06,False
79,1274,201709051711,557903640.0,True,3.672238335639122e-06,3.228252580811386e-06,3.3154051379824523e-06,2.927905143224052e-06,False,False,False,False,False,True,C7.0,7.0940514e-06,2017-09-05T17:15:00.000,4.0,2.2975179945206037e-06,False
80,1275,201709051737,557905200.0,False,2.3710346795269288e-05,1.950166370079387e-05,2.000250606215559e-05,1.6833431800478138e-05,True,True,True,True,True,True,M3.5,3.581448e-05,2017-09-05T17:43:00.000,6.0,2.347313511563698e-06,True
81,1285,201709060852,557960400.0,False,0.0003223268431611359,0.0002863968547899276,0.0003223268431611359,0.00026627976330928504,True,True,True,True,True,True,X3.2,0.00032232684,2017-09-06T09:10:00.000,18.0,4.288362106308341e-06,True
82,1286,201709061152,557970840.0,False,0.0014662761241197586,0.0011968655744567513,0.0012494005495682359,0.0009945001220330596,True,True,True,True,True,True,X14.6,0.0014662761,2017-09-06T12:02:00.000,10.0,8.1222751759924e-06,True
83,1287,201709061551,557985180.0,False,3.231053415220231e-05,2.9440474463626742e-05,2.995690010720864e-05,2.732780012593139e-05,True,True,True,True,True,True,M4.0,4.027113e-05,2017-09-06T15:56:00.000,5.0,1.900242205010727e-05,True
84,1288,201709061917,557997720.0,False,2.2290394554147497e-05,1.9389217413845472e-05,2.0250636225682683e-05,1.681841240497306e-05,True,True,True,True,True,True,M2.2,2.224219e-05,2017-09-06T19:30:00.000,13.0,9.099079761654139e-06,True
85,1290,201709062329,558012960.0,False,1.2395585144986399e-05,1.1759856533899438e-05,1.229087411047658e-05,1.0924185517069418e-05,True,True,True,True,True,True,M1.9,1.9441684e-05,2017-09-06T23:39:00.000,10.0,5.259671979729319e-06,True
86,1291,201709070459,558032460.0,False,1.6530757420696318e-05,1.276341481570853e-05,1.31743045130861e-05,1.0534746252233163e-05,True,True,True,True,True,True,M3.9,3.9022256e-05,2017-09-07T05:02:00.000,3.0,1.607341005183116e-06,True
88,1294,201709070912,558048000.0,True,1.9487158624542644e-06,1.7931788534042425e-06,1.7909425196194206e-06,1.7352161876260652e-06,False,False,False,False,False,False,C3.8,3.8015046e-06,2017-09-07T09:20:00.000,8.0,1.8221824120701058e-06,False
90,1296,201709070948,558049980.0,True,5.249634341453202e-06,3.831192771031056e-06,3.811828719335608e-06,3.1872295949142426e-06,False,True,False,False,False,True,M2.3,2.3147917e-05,2017-09-07T09:54:00.000,6.0,2.0368747755128425e-06,False
91,1297,201709071014,558051240.0,False,1.283985602640314e-05,5.963494459138019e-06,4.918534614262171e-06,3.521693770380807e-06,False,True,True,False,False,True,X1.2,0.0001206636,2017-09-07T10:15:00.000,1.0,2.7608152777247597e-06,True
92,1302,201709071416,558066660.0,False,0.0001745078625390306,0.000143611992825754,0.00014574971282854676,0.00012711815361399204,True,True,True,True,True,True,X2.1,0.00021885491,2017-09-07T14:36:00.000,20.0,1.4748017065358e-06,True
93,1303,201709071802,558079620.0,False,7.620799351570895e-06,7.051286956993863e-06,7.429690413118806e-06,6.39461177343037e-06,True,True,True,True,True,True,C7.7,7.732796e-06,2017-09-07T18:13:00.000,11.0,2.7583287192101125e-06,True
94,1308,201709072124,558091560.0,False,8.528801117790863e-06,7.654750334040727e-06,8.528801117790863e-06,8.00817633717088e-06,True,True,True,True,True,True,C7.0,7.0059914e-06,2017-09-07T21:28:00.000,4.0,3.3932062706298893e-06,True
95,1309,201709072133,558091560.0,False,8.528801117790863e-06,7.654750334040727e-06,8.528801117790863e-06,8.00817633717088e-06,True,True,True,True,True,True,C8.5,8.501113e-06,2017-09-07T21:37:00.000,4.0,5.634409262711415e-06,True
97,1312,201709072313,558098100.0,True,2.5740760065673385e-06,2.261292365801637e-06,2.7872142709384207e-06,2.4693556497368263e-06,False,False,False,False,False,True,C6.5,6.5419504e-06,2017-09-07T23:15:00.000,2.0,2.1995135739416583e-06,False
98,1313,201709072350,558100380.0,False,5.854883056599647e-05,5.2402534493012354e-05,5.250630056252703e-05,4.880222331848927e-05,True,True,True,True,True,True,M6.0,6.0714683e-05,2017-09-07T23:59:00.000,9.0,2.150128466382739e-06,True
99,1314,201709080136,558106800.0,True,1.6353341152353096e-06,1.452241463084647e-06,1.441271933799726e-06,1.3932036608821363e-06,False,False,False,False,False,True,C8.3,8.309263e-06,2017-09-08T01:40:00.000,4.0,1.5506219597227755e-06,False
100,1315,201709080218,558109320.0,False,8.837822861096356e-06,7.206391728686867e-06,7.460294909833465e-06,5.986658379697474e-06,True,True,True,True,True,True,M2.0,2.0416051e-05,2017-09-08T02:24:00.000,6.0,1.365269667985558e-06,True
101,1316,201709080328,558114060.0,False,1.581212359269557e-06,1.5453713331226027e-06,1.5243488178384723e-06,1.5126302059798036e-06,False,False,False,False,False,False,C2.2,2.2697964e-06,2017-09-08T03:34:00.000,6.0,1.2053284308422008e-06,False
102,1317,201709080339,558114060.0,False,1.581212359269557e-06,1.5321884347940795e-06,1.5323776096920483e-06,1.4802471923758276e-06,False,False,False,False,False,True,M1.8,1.8659419e-05,2017-09-08T03:43:00.000,4.0,1.6727922229620162e-06,False
103,1318,201709080701,558126480.0,True,1.690505428086908e-06,1.5284908840840217e-06,2.009442823691643e-06,1.69373572589393e-06,False,False,False,False,False,True,C9.5,9.580157e-06,2017-09-08T07:08:00.000,7.0,1.201708073494956e-06,False
104,1319,201709080717,558126480.0,True,1.690505428086908e-06,1.5284908840840217e-06,2.009442823691643e-06,1.69373572589393e-06,False,False,False,False,False,False,C2.4,2.418737e-06,2017-09-08T07:28:00.000,11.0,1.4482419601336005e-06,False
105,1320,201709080739,558128640.0,False,0.00010128389112651348,8.169130887836218e-05,8.440131932729855e-05,6.878504063934088e-05,True,True,True,True,True,True,X1.2,0.000126714,2017-09-08T07:49:00.000,10.0,1.3854731832907419e-06,True
106,1324,201709081204,558144720.0,True,1.2353865486147697e-06,1.22239009670011e-06,1.247755108124693e-06,1.2278792382858228e-06,False,False,False,False,False,True,C9.1,9.155272e-06,2017-09-08T12:13:00.000,9.0,1.3004211041334202e-06,False
107,1326,201709081503,558156180.0,False,2.6148207325604744e-05,2.547378244344145e-05,2.8026463041896932e-05,2.6473644538782537e-05,True,True,True,True,True,True,M4.6,4.6527322e-05,2017-09-08T15:47:00.000,44.0,1.5937616808514576e-06,True
109,1330,201709082330,558185880.0,False,3.3129239454865456e-05,2.890665018639993e-05,2.9968459784868173e-05,2.5478448151261546e-05,True,True,True,True,True,True,M3.3,3.346909e-05,2017-09-08T23:45:00.000,15.0,1.6863218661455903e-06,True
111,1333,201709090302,558198300.0,False,8.454389899270609e-06,8.090436494967435e-06,8.121236533042975e-06,7.75069656810956e-06,True,True,True,True,True,True,C9.9,9.93355e-06,2017-09-09T03:09:00.000,7.0,1.959342171176104e-06,True
112,1334,201709090356,558201600.0,True,4.8208353291556705e-06,4.349615210230695e-06,4.439099939190783e-06,4.204706783639267e-06,False,False,False,False,False,True,C6.5,6.5389886e-06,2017-09-09T04:01:00.000,5.0,3.2763159651949536e-06,False
113,1335,201709090413,558201660.0,True,4.595496648107655e-06,4.230772901792079e-06,5.060776857135352e-06,4.318634182709502e-06,False,False,False,True,False,True,M1.7,1.7329297e-05,2017-09-09T04:28:00.000,15.0,3.815204763668589e-06,True
114,1339,201709091046,558226440.0,False,5.8908357459586114e-05,5.558451812248677e-05,5.8908357459586114e-05,5.609156141872518e-05,True,True,True,True,True,True,M5.8,5.8746886e-05,2017-09-09T11:04:00.000,18.0,1.914577069328516e-06,True
115,1340,201709091119,558228060.0,False,4.473781518754549e-05,4.284948226995766e-05,4.3974199797958136e-05,4.038773840875365e-05,True,True,True,True,True,True,M4.6,4.6260717e-05,2017-09-09T11:26:00.000,7.0,3.2813863072078675e-05,True
116,1346,201709092057,558263040.0,False,7.42264410291682e-06,7.084803200996248e-06,7.359476512647234e-06,6.6719530877890065e-06,True,True,True,True,True,True,C7.3,7.341783e-06,2017-09-09T21:11:00.000,14.0,1.8860075670090737e-06,True
117,1350,201709100235,558284280.0,False,1.4196869415172841e-05,1.3755560757999774e-05,1.4196869415172841e-05,1.370775862596929e-05,True,True,True,True,True,True,M1.4,1.4060234e-05,2017-09-10T03:09:00.000,34.0,1.9495619199005887e-06,True
119,1360,201709101534,558330000.0,True,0.00010668145114323124,4.8468999011674896e-05,0.0002776805777102709,0.00011861410894198343,True,True,True,True,True,True,X12.9,0.001293521,2017-09-10T16:06:00.000,32.0,6.74522766530572e-07,True
120,1365,201709120719,558473280.0,True,1.402228576807829e-06,9.253731718672498e-07,9.66653942668927e-07,6.460480221903708e-07,False,False,False,False,False,False,C4.7,4.752443e-06,2017-09-12T07:29:00.000,10.0,1.9100447445907776e-07,False
121,1468,201710202310,561813600.0,False,1.7006574125844054e-05,1.4872203792037908e-05,1.56477890413953e-05,1.2746735592372715e-05,True,True,True,True,True,True,M1.6,1.6965416e-05,2017-10-20T23:28:00.000,18.0,2.880265981275443e-07,True
122,1612,201802071330,571283040.0,False,7.571153219032567e-06,5.878762749489397e-06,6.009554908814607e-06,4.873960733675631e-06,True,True,True,True,False,True,M1.2,1.2611493e-05,2018-02-07T13:47:00.000,17.0,1.0241047476711174e-07,True
123,1655,201802101258,571540320.0,False,7.025016657280503e-06,6.765918442397378e-06,6.937512353033526e-06,6.383682830346515e-06,True,True,True,True,True,True,C7.0,7.0240885e-06,2018-02-10T13:21:00.000,23.0,9.817811985612934e-08,True
124,1717,201803300753,575668920.0,False,1.9874871668434935e-06,9.000042950901843e-07,8.864030291988456e-07,3.8435382521129213e-07,False,False,False,False,False,True,C7.1,7.1864533e-06,2018-03-30T08:04:00.000,11.0,1.8600513129740648e-08,False
125,1842,201805281703,580799640.0,True,6.754050900781294e-07,5.910005143050512e-07,6.032356054674892e-07,5.387062174122548e-07,False,False,False,False,False,True,C5.1,5.1026727e-06,2018-05-28T17:14:00.000,11.0,2.2558802470484807e-07,False
126,1931,201806210107,582815640.0,True,2.092412785259512e-07,1.8652367828053684e-07,1.8787201838676992e-07,1.7525724160805112e-07,False,False,False,False,False,False,C3.2,3.287861e-06,2018-06-21T01:15:00.000,8.0,1.3291808897974988e-07,False
128,2023,201901261312,601780740.0,False,5.5758855523890816e-06,4.929975148115773e-06,5.028311989008216e-06,4.450875621841988e-06,True,True,False,True,False,True,C7.7,7.726804e-06,2019-01-26T13:21:00.000,9.0,1.245853837872346e-07,True
129,2042,201901300556,602100480.0,False,5.86310807193513e-06,4.215740773361176e-06,4.27022223448148e-06,3.332520464027766e-06,False,True,False,False,False,True,,8.233701e-06,2019-01-30T06:11:00.000,15.0,1.956161810312551e-07,False
131,2088,201903210308,606409860.0,True,1.8023245047515957e-06,1.3662057654073578e-06,1.374926682728983e-06,1.1300552387183416e-06,False,False,False,False,False,True,C8.7,8.7490735e-06,2019-03-21T03:12:00.000,4.0,8.855899977788795e-07,False
132,2107,201903220753,606513600.0,True,1.5138500657485565e-06,9.881864571070764e-07,8.895808036868402e-07,8.406939286942361e-07,False,False,False,False,False,False,C4.4,4.417396e-06,2019-03-22T08:01:00.000,8.0,4.4188823267177213e-07,False
133,2108,201903220813,606513660.0,True,1.0761730209196685e-06,8.726012765691848e-07,1.1865638498420594e-06,8.901911314751487e-07,False,False,False,False,False,False,C2.1,2.173649e-06,2019-03-22T08:19:00.000,6.0,7.272116704371001e-07,False
134,2254,201905060504,610391280.0,True,2.0774622555563838e-07,1.8864193407353014e-07,1.8891454089953186e-07,1.823006670065297e-07,False,False,False,False,False,True,M1.5,1.5136375e-05,2019-05-06T05:09:00.000,5.0,1.3679401433819294e-07,False
135,2263,201905061331,610422660.0,False,6.108700176810089e-07,4.102988384602213e-07,3.6730364172399277e-07,3.6360145827529777e-07,False,False,False,False,False,True,M1.1,1.128577e-05,2019-05-06T13:54:00.000,23.0,1.6709992678443086e-07,False
136,2283,201905090537,610652820.0,False,6.201516953296959e-06,3.674839717859868e-06,3.886883860104717e-06,2.2311385237117065e-06,False,True,False,False,False,True,M1.0,1.0335272e-05,2019-05-09T05:51:00.000,14.0,6.94390109856613e-08,False
137,2320,202005290713,644008860.0,False,1.0915831580859958e-06,5.783332994724333e-07,5.556021847041848e-07,3.591459574181499e-07,False,False,False,False,False,True,M1.1,1.1908082e-05,2020-05-29T07:24:00.000,11.0,1.2332827736827312e-07,False
138,2323,202005291041,644021100.0,True,5.025985387874243e-07,3.0645571769127855e-07,3.1692343327449635e-07,2.017458626824009e-07,False,False,False,False,False,True,C9.3,9.381957e-06,2020-05-29T10:46:00.000,5.0,5.767600441686227e-08,False
139,2417,202010270611,657051360.0,True,2.107300815623603e-06,1.920215026984806e-06,2.0049453723913757e-06,1.733426302052976e-06,False,False,False,False,False,False,,4.378585e-06,2020-10-27T06:16:00.000,5.0,1.7366922122619144e-07,False
140,2766,202102280640,667766760.0,True,2.634261306866392e-07,1.2237005364568176e-07,9.711763482300739e-08,7.681573066520286e-08,False,False,False,False,False,False,C3.9,3.950662e-06,2021-02-28T06:46:00.000,6.0,4.414635412786083e-08,False
141,2842,202104192319,672147300.0,False,1.0927908988378476e-05,9.919316653395072e-06,1.017342037812341e-05,9.058700925379526e-06,True,True,True,True,True,True,M1.1,1.104617e-05,2021-04-19T23:42:00.000,23.0,2.4392218733737536e-07,True
142,2897,202104222002,672394080.0,False,4.995054041501135e-06,4.496761448535835e-06,4.693565188063076e-06,4.0551785787101835e-06,False,False,False,False,False,True,C8.5,8.560342e-06,2021-04-22T20:11:00.000,9.0,3.6614457599171146e-07,False
143,2990,202105071843,673685520.0,False,3.9082140574464574e-05,3.702959656948224e-05,3.9082140574464574e-05,3.769854811253026e-05,True,True,True,True,True,True,M3.9,3.9077113e-05,2021-05-07T19:04:00.000,21.0,3.0960842423155555e-07,True
144,2997,202105081822,673770720.0,True,8.639720363134984e-06,7.842420927772764e-06,8.639720363134984e-06,8.333420737471897e-06,True,True,True,True,True,True,C8.6,8.635635e-06,2021-05-08T18:45:00.000,23.0,9.457845351334981e-08,True
145,3058,202105211915,674897220.0,True,3.9023768749757437e-07,2.799525589125551e-07,2.8448815214687784e-07,2.2039232305814949e-07,False,False,False,False,False,False,C4.8,4.803862e-06,2021-05-21T19:28:00.000,13.0,7.921880040839824e-08,False
147,3067,202105220247,674924040.0,True,2.9996240868968016e-07,2.0573060055539827e-07,1.900419448475077e-07,1.7389776019172132e-07,False,False,False,False,False,True,C6.1,6.148633e-06,2021-05-22T02:56:00.000,9.0,1.5417064958000992e-07,False
148,3070,202105220606,674936100.0,False,2.3678690013184678e-06,9.525086284156714e-07,7.842332365726179e-07,4.245404170433176e-07,False,False,False,False,False,True,C6.0,6.0078874e-06,2021-05-22T06:17:00.000,11.0,9.755242302844636e-08,False
149,3077,202105221703,674975340.0,False,3.7372344650066225e-06,2.0940440208505606e-06,2.1052169358881656e-06,1.2880955182481557e-06,False,False,False,False,False,True,M1.1,1.190033e-05,2021-05-22T17:11:00.000,8.0,3.4732767062450876e-07,False
150,3080,202105222130,674991180.0,False,8.546881872462109e-06,5.5123296078818385e-06,5.89147612117813e-06,3.6608180380426347e-06,True,True,True,True,False,True,M1.4,1.4849428e-05,2021-05-22T21:36:00.000,6.0,5.559995202020218e-07,True
152,3083,202105222305,674997060.0,True,1.5165900322244852e-06,9.66664515544835e-07,9.181072186947858e-07,7.312482352972438e-07,False,False,False,False,False,True,C6.8,6.867608e-06,2021-05-22T23:13:00.000,8.0,7.674844368921185e-07,False
154,3099,202105231100,675039900.0,False,5.480515937961172e-06,3.713421165230102e-06,3.7989743759681005e-06,2.683771526790224e-06,False,True,False,False,False,True,,1.19252845e-05,2021-05-23T11:08:00.000,8.0,5.556071300816257e-07,False
155,3147,202105262117,675336180.0,True,2.9872792310925433e-06,2.9033942610112717e-06,3.435114422245533e-06,3.0590281312470324e-06,False,False,False,False,False,False,C3.8,3.8621524e-06,2021-05-26T21:24:00.000,7.0,3.995349686647387e-07,False
156,3148,202105262129,675336180.0,True,2.9872792310925433e-06,2.9033942610112717e-06,3.435114422245533e-06,3.0590281312470324e-06,False,False,False,False,False,False,C2.9,2.9360365e-06,2021-05-26T21:32:00.000,3.0,2.712610239541391e-06,False
157,3149,202105262134,675336180.0,True,2.9872792310925433e-06,2.9033942610112717e-06,3.435114422245533e-06,3.0590281312470324e-06,False,False,False,False,False,False,C3.4,3.4276843e-06,2021-05-26T21:38:00.000,4.0,2.8688375550700584e-06,False
158,3302,202107030704,678568320.0,False,1.705379872873891e-05,1.0321294212189969e-05,1.0153703442483675e-05,7.737421583442483e-06,True,True,True,True,True,True,M2.7,2.7347016e-05,2021-07-03T07:17:00.000,13.0,3.4340794741183345e-07,True
159,3304,202107031418,678594420.0,False,3.952164115617052e-05,2.4623708668514155e-05,2.5790501240408048e-05,1.5781850379426032e-05,True,True,True,True,True,True,X1.5,0.00015937346,2021-07-03T14:29:00.000,11.0,4.831926503356954e-07,True
161,3307,202107031659,678603720.0,True,7.3592736953287385e-06,5.858708391315304e-06,6.087282599764876e-06,4.791490482602967e-06,True,True,True,True,False,True,M1.0,1.0480199e-05,2021-07-03T17:03:00.000,4.0,6.654666435679246e-07,True
162,3316,202107040501,678647040.0,True,1.0758343705674633e-05,7.394543445116142e-06,7.56515282773762e-06,5.521905677596806e-06,True,True,True,True,True,True,M1.5,1.5096588e-05,2021-07-04T05:09:00.000,8.0,2.803548682095425e-07,True
163,3364,202107091715,679123320.0,False,1.749359739733336e-06,1.1658604535114137e-06,1.2158550362073584e-06,8.081906344159506e-07,False,False,False,False,False,False,,4.769688e-06,2021-07-09T17:25:00.000,10.0,1.020576476662427e-07,False
164,3563,202108262317,683292120.0,True,5.259849444883002e-07,3.805176618243422e-07,3.987303784924734e-07,2.9844940740986203e-07,False,False,False,False,False,False,,3.989944e-06,2021-08-26T23:22:00.000,5.0,2.746759832916723e-07,False
165,3578,202108290015,683468760.0,True,5.9179478739679325e-06,5.440146651380928e-06,6.607984687434509e-06,5.864447302883491e-06,True,True,True,True,True,True,C5.3,5.361316e-06,2021-08-29T00:28:00.000,13.0,3.782652697736921e-07,True
166,3579,202108290034,683468760.0,True,5.9179478739679325e-06,5.440146651380928e-06,6.607984687434509e-06,5.864447302883491e-06,True,True,True,True,True,True,C7.4,7.436158e-06,2021-08-29T00:44:00.000,10.0,5.038133167545311e-06,True
167,3584,202108290954,683503320.0,True,1.5045662848933716e-06,1.4419562148759724e-06,1.4361999092216138e-06,1.4079969332669862e-06,False,False,False,False,False,True,C8.1,8.152766e-06,2021-08-29T10:03:00.000,9.0,5.8354680732009e-07,False
168,3667,202109081711,684393840.0,False,8.24971266411012e-06,7.65026288718218e-06,7.794078555889428e-06,7.109672878868878e-06,True,True,True,True,True,True,C8.3,8.342686e-06,2021-09-08T17:30:00.000,19.0,3.011730882462871e-07,True
169,3753,202109231503,685682700.0,False,1.4337069842440542e-05,1.259712462342577e-05,1.2917521416966338e-05,1.1604007340793032e-05,True,True,True,True,True,False,B5.5,5.5606114e-07,2021-09-23T15:14:00.000,11.0,2.0491397378918919e-07,True
170,3754,202109231523,685682700.0,False,1.4337069842440542e-05,1.1972105312452186e-05,1.2917521416966338e-05,9.647362276155036e-06,True,True,True,True,True,True,M1.8,1.8951738e-05,2021-09-23T15:28:00.000,5.0,4.0133667766895087e-07,True
171,3850,202110070235,686846700.0,True,2.363470230193343e-06,1.5886280380073003e-06,1.585517566127237e-06,1.2124843351557502e-06,False,False,False,False,False,True,C5.5,5.512031e-06,2021-10-07T02:46:00.000,11.0,1.3808163146222796e-07,False
172,3872,202110090619,687033120.0,False,1.552190769871231e-05,1.3784078873868566e-05,1.4208374523150269e-05,1.2390491065161768e-05,True,True,True,True,True,True,M1.6,1.6014299e-05,2021-10-09T06:38:00.000,19.0,1.215662450704258e-07,True
173,3969,202110251947,688463640.0,False,2.0573779693222605e-06,1.1428093102949788e-06,1.077919023373397e-06,7.796099339429929e-07,False,False,False,False,False,True,C8.5,8.57363e-06,2021-10-25T19:56:00.000,9.0,4.337103689522337e-07,False
174,3973,202110260048,688481940.0,False,8.2069700511056e-06,6.549312729475787e-06,6.8365475272003096e-06,5.300340944813797e-06,True,True,True,True,True,True,C9.3,9.355223e-06,2021-10-26T01:04:00.000,16.0,1.251539174518257e-06,True
176,3975,202110260240,688488300.0,False,5.736555522162234e-06,3.108919372607488e-06,3.0247972517827293e-06,1.9413446352700703e-06,False,True,False,False,False,True,M1.3,1.3275506e-05,2021-10-26T02:47:00.000,7.0,1.3707050356970285e-06,False
177,3979,202110260556,688500120.0,False,3.822809503617464e-06,2.8154433948657243e-06,2.8906554234708892e-06,2.26050633500563e-06,False,False,False,False,False,True,C7.8,7.841892e-06,2021-10-26T06:04:00.000,8.0,9.850932656263467e-07,False
178,3982,202110261542,688535640.0,False,4.217122295813169e-06,3.461707137830672e-06,3.4730235256574815e-06,3.024434363396722e-06,False,False,False,False,False,True,M1.0,1.01999485e-05,2021-10-26T15:57:00.000,15.0,7.706022984166339e-07,False
179,4005,202110280730,688678740.0,True,5.5286309361690655e-06,5.1636102398333605e-06,5.179484560358105e-06,4.828219516639365e-06,True,True,True,True,False,True,,1.42382005e-05,2021-10-28T07:40:00.000,10.0,6.151811362542503e-07,True
180,4007,202110281019,688688700.0,False,1.4789121451030951e-05,1.1319411896693055e-05,1.1976007044722792e-05,8.954774784797337e-06,True,True,True,True,True,True,,2.2170429e-05,2021-10-28T10:28:00.000,9.0,7.973375204528566e-07,True
181,4012,202110281517,688706820.0,False,0.00010014470899477601,9.137641609413549e-05,9.511440293863416e-05,8.206080383388326e-05,True,True,True,True,True,True,,0.00010014471,2021-10-28T15:35:00.000,18.0,5.592752927441325e-07,True
182,4017,202110290222,688746840.0,False,1.5627394532202743e-05,1.3703774129680824e-05,1.4556805581378285e-05,1.1841978448501322e-05,True,True,True,True,True,True,M1.5,1.562526e-05,2021-10-29T02:42:00.000,20.0,6.739460332028102e-07,True
183,4018,202110290543,688759020.0,True,5.9958956626360305e-06,5.8332593653176446e-06,5.9958956626360305e-06,5.7681008911458775e-06,True,True,True,True,True,False,C4.8,4.8042907e-06,2021-10-29T05:58:00.000,15.0,4.0105928178491013e-07,False
184,4019,202110290600,688759020.0,True,5.9958956626360305e-06,5.8332593653176446e-06,5.9958956626360305e-06,5.7681008911458775e-06,True,True,True,True,True,True,C5.9,5.9936065e-06,2021-10-29T06:07:00.000,7.0,4.644726686819922e-06,True
186,4223,202112050104,691938480.0,True,1.7365351823173114e-06,1.5952522289808257e-06,1.579346076141519e-06,1.5322581248256029e-06,False,False,False,False,False,False,C3.9,3.934794e-06,2021-12-05T01:09:00.000,5.0,9.001720968626614e-07,False
187,4224,202112050313,691946520.0,True,3.714324066095287e-06,2.983795411637402e-06,3.053861519219936e-06,2.528763843656634e-06,False,False,False,False,False,False,C4.9,4.939303e-06,2021-12-05T03:23:00.000,10.0,4.5633879608431016e-07,False
188,4226,202112050658,691960080.0,False,1.451404568797443e-05,1.4219992408470716e-05,1.451404568797443e-05,1.4105585250945296e-05,True,True,True,True,True,True,M1.4,1.447015e-05,2021-12-05T07:19:00.000,21.0,8.100894319795771e-07,True
189,4274,202112142312,692797620.0,False,3.6062003800907405e-06,3.365583552294993e-06,3.2744544569141e-06,3.234170435462147e-06,False,False,False,False,False,False,C3.0,3.0006988e-06,2021-12-14T23:25:00.000,13.0,7.828254524611111e-07,False
190,4275,202112142344,692797620.0,False,3.6062003800907405e-06,3.2869650112843374e-06,3.2744544569141e-06,3.176588734277175e-06,False,False,False,False,False,True,C6.0,6.035683e-06,2021-12-14T23:49:00.000,5.0,1.6989014284263249e-06,False
191,4290,202112170039,692974080.0,False,5.7503334573993925e-06,4.820133199245902e-06,4.893228833680041e-06,4.265393272362417e-06,False,True,False,False,False,True,M1.2,1.2928216e-05,2021-12-17T00:51:00.000,12.0,9.610276947569218e-07,False
192,4314,202112192059,693220200.0,True,2.9854834338038927e-06,2.8125568860559724e-06,2.850266582754557e-06,2.6440350211487385e-06,False,False,False,False,False,False,C3.7,3.7925595e-06,2021-12-19T21:12:00.000,13.0,6.862602504043025e-07,False
193,4322,202112201112,693271500.0,False,1.9045155568164773e-05,1.880426316347439e-05,1.9045155568164773e-05,1.8770819224300794e-05,True,True,True,True,True,True,M1.8,1.8997242e-05,2021-12-20T11:36:00.000,24.0,6.858904271211941e-07,True
195,4335,202112210743,693344880.0,False,6.747268344042823e-06,5.860680630576098e-06,5.8932714637194294e-06,5.300543762132293e-06,True,True,True,True,True,True,M1.1,1.1757939e-05,2021-12-21T07:50:00.000,7.0,2.595059640952968e-06,True
196,4336,202112211131,693358920.0,False,5.8176906350126956e-06,4.925135726807639e-06,5.027917268307647e-06,4.335299763624789e-06,True,True,False,True,False,True,M1.4,1.4847395e-05,2021-12-21T11:44:00.000,13.0,7.079872261783748e-07,True
197,4342,202112212229,693398160.0,True,6.013977781549329e-06,5.246256478130817e-06,5.164341928320937e-06,4.879932930634823e-06,True,True,True,True,False,False,C4.9,4.9580426e-06,2021-12-21T22:37:00.000,8.0,1.1000721542586689e-06,False
198,4346,202112220654,693428580.0,False,9.391468665853608e-06,8.838006579026114e-06,8.961220373748802e-06,8.318172149301972e-06,True,True,True,True,True,True,M1.3,1.30522185e-05,2021-12-22T07:06:00.000,12.0,1.2521217058747425e-06,True
199,4350,202112221755,693468240.0,False,7.91776710684644e-06,7.345376161538297e-06,7.473303412552923e-06,6.893225872772746e-06,True,True,True,True,True,True,C8.8,8.8974475e-06,2021-12-22T18:08:00.000,13.0,1.3528861018130556e-06,True
201,4361,202112240620,693599100.0,False,4.369946509541478e-06,4.214400632918114e-06,4.355779765319312e-06,4.230158083373681e-06,False,False,False,False,False,True,C5.8,5.813569e-06,2021-12-24T06:27:00.000,7.0,1.0859407666430343e-06,False
202,4399,202112280350,693935880.0,False,1.2976978723600041e-05,9.891454283206258e-06,1.0322270100004971e-05,7.865350198699161e-06,True,True,True,True,True,True,M1.8,1.8930677e-05,2021-12-28T04:01:00.000,11.0,1.298649635828042e-06,True
203,4401,202112280729,693949260.0,False,5.634265107801184e-06,4.9041377678804565e-06,5.049632363807177e-06,4.351950337877497e-06,True,True,False,True,False,True,C7.0,7.0594797e-06,2021-12-28T07:44:00.000,15.0,6.245006716198986e-07,True
204,4404,202112281559,693979560.0,False,1.3878077879780903e-05,1.0884934454225004e-05,1.1270662071183324e-05,8.903970410756301e-06,True,True,True,True,True,True,M1.6,1.6229069e-05,2021-12-28T16:11:00.000,12.0,5.830523832628387e-07,True
205,4408,202112290418,694024080.0,True,9.621941217119456e-07,8.912388693715911e-07,8.994060181066743e-07,8.476540642732289e-07,False,False,False,False,False,False,C4.6,4.677492e-06,2021-12-29T04:28:00.000,10.0,4.747442403640889e-07,False
206,4424,202201010707,694293420.0,False,1.1349643500579987e-05,1.0309579920431133e-05,1.1349643500579987e-05,1.0821374416991603e-05,True,True,True,True,True,True,M1.1,1.1333274e-05,2022-01-01T07:30:00.000,23.0,2.685527533685672e-07,True
207,4484,202201140147,695397420.0,False,1.739243271003943e-05,1.4551525964634493e-05,1.5079780496307649e-05,1.245347721123835e-05,True,True,True,True,True,True,M1.8,1.8399107e-05,2022-01-14T02:03:00.000,16.0,4.913426892017014e-07,True
208,4516,202201181701,695799120.0,False,1.541226993140299e-05,1.5118061128305271e-05,1.541226993140299e-05,1.5307992725865915e-05,True,True,True,True,True,True,M1.5,1.53123e-05,2022-01-18T17:44:00.000,43.0,3.577626443984627e-07,True
209,4517,202201181948,695807460.0,True,2.8031170131725958e-06,2.5641886622906895e-06,2.603253506094916e-06,2.389005430813995e-06,False,False,False,False,False,True,C5.7,5.7877646e-06,2022-01-18T19:51:00.000,3.0,1.5074809880388784e-06,False
211,4550,202201251021,696378420.0,True,2.114068365699495e-06,1.7820160564951948e-06,1.8472081819709274e-06,1.5282826097973157e-06,False,False,False,False,False,False,C3.7,3.7861466e-06,2022-01-25T10:29:00.000,8.0,4.949274625687394e-07,False
213,4564,202201260725,696454260.0,True,5.7359461607120465e-06,5.126339146954706e-06,5.506331035576295e-06,4.611594249581685e-06,True,True,True,True,False,True,C7.2,7.2298917e-06,2022-01-26T07:32:00.000,7.0,7.76894978571363e-07,False
215,4632,202201291203,696730140.0,False,6.972252776904497e-06,6.840946753072785e-06,6.972252776904497e-06,6.588421001652023e-06,True,True,True,True,True,True,C6.9,6.907391e-06,2022-01-29T12:14:00.000,11.0,1.563138198434899e-06,True
217,4639,202201291647,696747180.0,True,4.791935680259485e-06,3.7508755212911637e-06,3.869622560159769e-06,3.0767705538892187e-06,False,False,False,False,False,True,C7.3,7.377693e-06,2022-01-29T16:55:00.000,8.0,9.626618293623324e-07,False
218,4646,202201300712,696799080.0,True,3.0795283691986697e-06,2.693707529033418e-06,2.685817889869213e-06,2.5281551643274724e-06,False,False,False,False,False,True,C6.7,6.7080155e-06,2022-01-30T07:19:00.000,7.0,8.945283980210661e-07,False
220,4669,202202010725,696972780.0,False,5.976905413263012e-06,4.899775376543403e-06,5.031231012253556e-06,4.169496151007479e-06,True,True,False,True,False,False,,1.4245428e-06,2022-02-01T07:26:00.000,1.0,1.4648352362200967e-06,True
221,4683,202202012221,697026660.0,False,7.480374279111857e-06,6.334674708341481e-06,6.212574135133764e-06,5.911642347200541e-06,True,True,True,True,True,True,,9.027069e-06,2022-02-01T22:36:00.000,15.0,8.421646384704218e-07,True
222,4684,202202012244,697026780.0,False,6.212574135133764e-06,5.911642347200541e-06,5.9694161791412625e-06,5.857564246980473e-06,True,True,True,True,True,True,,6.035504e-06,2022-02-01T22:51:00.000,7.0,5.731556029786589e-06,True
223,4742,202202071226,697509480.0,True,2.1167509203223744e-06,1.7917415107149282e-06,1.8397803387415479e-06,1.5670124184907763e-06,False,False,False,False,False,False,C3.8,3.8555363e-06,2022-02-07T12:39:00.000,13.0,7.120118539205578e-07,False
224,4767,202202120825,697926840.0,False,1.439194875274552e-05,1.4199730685504619e-05,1.439194875274552e-05,1.3736190339841414e-05,True,True,True,True,True,True,M1.4,1.4378235e-05,2022-02-12T08:44:00.000,19.0,5.651695005326474e-07,True
226,4769,202202121703,697957620.0,True,6.247772034839727e-06,6.015679446136346e-06,6.783338903915137e-06,6.121455953689292e-06,True,True,True,True,True,True,C9.2,9.278746e-06,2022-02-12T17:08:00.000,5.0,6.1118175835872535e-06,True
227,4770,202202121719,697957620.0,True,6.247772034839727e-06,6.015679446136346e-06,6.783338903915137e-06,6.121455953689292e-06,True,True,True,True,True,True,C8.0,8.099697e-06,2022-02-12T17:26:00.000,7.0,5.72328735870542e-06,True
228,4773,202202130143,697988760.0,True,3.790763230426819e-06,3.3714925393724116e-06,3.4421441341692116e-06,3.1018926165415905e-06,False,False,False,False,False,True,C6.1,6.1828614e-06,2022-02-13T01:47:00.000,4.0,2.255783783766674e-06,False
229,4783,202202132127,698060340.0,False,5.582580342888832e-06,4.762888693221612e-06,4.870596058026422e-06,4.212821295368485e-06,False,True,False,False,False,True,C7.1,7.143328e-06,2022-02-13T21:42:00.000,15.0,6.432881605178409e-07,True
230,4789,202202151754,698220240.0,False,1.3298377780301962e-05,1.263827653019689e-05,1.3298377780301962e-05,1.285042890231125e-05,True,True,True,True,True,True,M1.3,1.3224835e-05,2022-02-15T18:15:00.000,21.0,8.726177611606545e-07,True
231,4877,202203021731,699514560.0,False,1.2384405636112206e-05,9.948004844773095e-06,9.991204933612607e-06,8.455584065814037e-06,True,True,True,True,True,True,M2.0,2.0216432e-05,2022-03-02T17:39:00.000,8.0,3.8060369433878805e-07,True
232,4921,202203112213,700309680.0,False,1.2069431249983609e-05,7.215546702354914e-06,7.21509877621429e-06,4.819124569621636e-06,True,True,True,True,False,True,M2.2,2.296697e-05,2022-03-11T22:32:00.000,19.0,7.034177542664111e-07,True
233,4934,202203140829,700519080.0,False,6.680882961518364e-06,5.304440037434688e-06,5.361526291380869e-06,4.500127488427097e-06,True,True,True,True,False,True,M2.0,2.0119569e-05,2022-03-14T08:40:00.000,11.0,5.554894642045838e-07,True
234,4939,202203142207,700567980.0,True,3.3562516819074517e-06,2.581971102699754e-06,2.6223488021059893e-06,2.131523842763272e-06,False,False,False,False,False,True,C5.3,5.383169e-06,2022-03-14T22:14:00.000,7.0,9.912006362355896e-07,False
235,4943,202203151233,700619820.0,False,5.8359873946756124e-06,4.897555754723726e-06,4.8370488912041765e-06,4.523159532254795e-06,False,True,False,False,False,True,M1.4,1.45442555e-05,2022-03-15T12:39:00.000,6.0,5.844316319780773e-07,True
236,4946,202203152239,700656240.0,False,6.825451237091329e-06,5.430218152469024e-06,5.529254394787131e-06,4.584027465170948e-06,True,True,True,True,False,True,M1.5,1.5921785e-05,2022-03-15T22:46:00.000,7.0,3.7399877328425646e-07,True
237,4947,202203152320,700658640.0,True,2.8560928058141144e-06,2.5551553335390054e-06,2.5741878744156566e-06,2.373157485635602e-06,False,False,False,False,False,True,C6.6,6.669e-06,2022-03-15T23:25:00.000,5.0,2.2602641820412828e-06,False
238,4988,202203232312,701349660.0,True,2.2162562345329206e-06,1.7535450069772196e-06,1.7925959809872438e-06,1.4738030813532532e-06,False,False,False,False,False,False,C4.3,4.354081e-06,2022-03-23T23:22:00.000,10.0,7.837612088223977e-07,False
239,4990,202203240142,701358240.0,False,3.046731535505387e-06,2.7047356070397655e-06,2.782837100312463e-06,2.4370574465137906e-06,False,False,False,False,False,True,C8.1,8.172273e-06,2022-03-24T01:45:00.000,3.0,1.4611117649110383e-06,False
240,5014,202203281058,701738460.0,False,4.065999746671878e-05,3.776718949666247e-05,3.910982559318654e-05,3.4503704227972776e-05,True,True,True,True,True,True,M4.0,4.0606992e-05,2022-03-28T11:29:00.000,31.0,8.042014769671368e-07,True
242,5016,202203281703,701759520.0,True,9.795216101338156e-06,9.219226740242448e-06,9.795216101338156e-06,9.342875273432583e-06,True,True,True,True,True,True,C9.8,9.88722e-06,2022-03-28T17:13:00.000,10.0,3.100841695413692e-06,True
244,5019,202203281908,701766780.0,False,1.0455148185428698e-05,1.0190862667514011e-05,1.0455148185428698e-05,9.873091585177463e-06,True,True,True,True,True,True,M1.0,1.0395133e-05,2022-03-28T19:23:00.000,15.0,4.177125447313301e-06,True
245,5020,202203282049,701773080.0,True,8.924383109842893e-06,8.261860784841701e-06,8.418097422691062e-06,7.739127795503009e-06,True,True,True,True,True,True,M1.1,1.112043e-05,2022-03-28T20:59:00.000,10.0,5.66106655242038e-06,True
246,5023,202203290057,701787840.0,False,2.2146939954836853e-05,1.9835648345178925e-05,1.9806542695732787e-05,1.8502765669836663e-05,True,True,True,True,True,True,M2.2,2.219018e-05,2022-03-29T01:11:00.000,14.0,4.2299066080886405e-06,True
247,5024,202203290148,701790960.0,True,7.2923344305309e-06,6.425156243494712e-06,6.34390289633302e-06,6.072672476875596e-06,True,True,True,True,True,True,M1.1,1.1598815e-05,2022-03-29T01:58:00.000,10.0,6.0062129705329426e-06,True
249,5026,202203290345,701798280.0,True,3.6079497931496007e-06,3.2479711080668494e-06,2.9366958642640384e-06,2.9366958642640384e-06,False,False,False,False,False,True,C5.2,5.262666e-06,2022-03-29T03:49:00.000,4.0,3.7021104617451783e-06,False
250,5027,202203290356,701798280.0,True,3.6079497931496007e-06,2.9006623663008213e-06,2.9366958642640384e-06,2.5088022539421218e-06,False,False,False,False,False,True,C8.6,8.665823e-06,2022-03-29T03:59:00.000,3.0,3.1480028610531008e-06,False
251,5031,202203290917,701818320.0,False,1.0027099051512778e-05,9.50799039856065e-06,9.611687346477993e-06,9.02438932826044e-06,True,True,True,True,True,True,M1.0,1.0270187e-05,2022-03-29T09:38:00.000,21.0,2.825747742463136e-06,True
252,5040,202203292143,701862540.0,False,6.405480235116556e-06,4.62030220660381e-06,4.7748503675393295e-06,3.5249156553618377e-06,False,True,False,False,False,True,M1.6,1.6835987e-05,2022-03-29T21:52:00.000,9.0,1.2451109796529636e-06,False
253,5050,202203301100,701910240.0,True,2.585266202004277e-06,2.342111429243232e-06,2.38260577134497e-06,2.1618377559207147e-06,False,False,False,False,False,True,C6.7,6.727386e-06,2022-03-30T11:05:00.000,5.0,1.7333435380351148e-06,False
254,5054,202203301721,701933280.0,False,0.00013797795691061765,0.00012679837527684867,0.00013435696018859744,0.00011188688222318888,True,True,True,True,True,True,X1.3,0.00013797796,2022-03-30T17:37:00.000,16.0,1.3100129763188306e-06,True
255,5058,202203311201,702000600.0,True,3.868256953865057e-06,3.6215278669260442e-06,3.7714494283136446e-06,3.335554765726556e-06,False,False,False,False,False,True,C5.4,5.404488e-06,2022-03-31T12:11:00.000,10.0,1.7352662098346627e-06,False
256,5064,202203311817,702023160.0,False,9.674220200395212e-05,8.993392111733556e-05,9.449779463466257e-05,8.046361472224817e-05,True,True,True,True,True,True,M9.6,9.6722295e-05,2022-03-31T18:35:00.000,18.0,2.082563469230081e-06,True
257,5109,202204151031,703291320.0,False,1.1438132787588984e-05,1.02053236332722e-05,1.2164189683971927e-05,1.1192171768925618e-05,True,True,True,True,True,True,M1.2,1.2792889e-05,2022-04-15T11:01:00.000,30.0,1.5759620737298974e-06,True
259,5111,202204151347,703302660.0,False,1.976687963178847e-05,1.9123788661090657e-05,1.9389281078474596e-05,1.8434497178532183e-05,True,True,True,True,True,True,M1.9,1.9711175e-05,2022-04-15T13:59:00.000,12.0,1.153942048404133e-05,True
260,5123,202204161449,703392720.0,False,8.002634785952978e-06,7.210033800220117e-06,7.21077412890736e-06,6.793884040234843e-06,True,True,True,True,True,True,M1.0,1.034847e-05,2022-04-16T14:56:00.000,7.0,1.6929384401009884e-06,True
261,5124,202204180029,703514040.0,True,4.696999894804321e-06,4.258046374161495e-06,4.2219558054057416e-06,3.952118731831433e-06,False,False,False,False,False,True,C5.9,5.942555e-06,2022-04-18T00:36:00.000,7.0,2.1343116713978816e-06,False
262,5128,202204180301,703523280.0,False,8.57772829476744e-06,8.181420525943395e-06,8.57772829476744e-06,8.207999599108007e-06,True,True,True,True,True,True,C8.5,8.568086e-06,2022-04-18T03:19:00.000,18.0,1.7548005644130171e-06,True
263,5132,202204180737,703539960.0,False,7.13001918484224e-06,7.048838142509339e-06,7.154072136472678e-06,7.0951550696918275e-06,True,True,True,True,True,True,M1.3,1.3610557e-05,2022-04-18T07:48:00.000,11.0,1.2911439171148231e-06,True
264,5137,202204181712,703574460.0,False,1.0494081834622193e-05,8.604187314631417e-06,8.718792742001824e-06,7.486261893063784e-06,True,True,True,True,True,True,M1.9,1.921694e-05,2022-04-18T17:24:00.000,12.0,1.4882996310916496e-06,True
266,5139,202204182005,703584780.0,False,6.233743988559581e-06,5.882975074200658e-06,5.978146418783581e-06,5.536346634471556e-06,True,True,True,True,True,True,C7.3,7.341109e-06,2022-04-18T20:15:00.000,10.0,2.164422312489478e-06,True
268,5143,202204200107,703689120.0,False,1.7816602849052288e-05,1.0647251656337176e-05,3.077593646594323e-05,1.7444652257836424e-05,True,True,True,True,True,True,M1.2,1.2880005e-05,2022-04-20T01:14:00.000,7.0,3.0512978810293134e-06,True
269,5144,202204200120,703689120.0,False,1.7816602849052288e-05,1.0647251656337176e-05,3.077593646594323e-05,1.7444652257836424e-05,True,True,True,True,True,True,M7.2,7.2949086e-05,2022-04-20T01:36:00.000,16.0,7.801263564033434e-06,True
270,5146,202204200341,703698600.0,False,0.00021506132907234132,0.00015722076932433993,0.00016687685274519026,0.00011686779907904565,True,True,True,True,True,True,X2.2,0.00022465806,2022-04-20T03:57:00.000,16.0,1.823508341658453e-06,True
271,5152,202204201224,703730700.0,False,1.96265918930294e-05,1.7198026398546062e-05,1.8252176232635975e-05,1.46723896250478e-05,True,True,True,True,True,True,M1.9,1.9581546e-05,2022-04-20T12:53:00.000,29.0,2.2594879283133196e-06,True
272,5155,202204201833,703751820.0,False,7.909334271971602e-06,7.037180239422014e-06,7.192057182692224e-06,6.397077868314227e-06,True,True,True,True,True,True,C8.9,8.961311e-06,2022-04-20T18:40:00.000,7.0,4.847344371228246e-06,True
273,5157,202204202323,703769520.0,True,4.898240604234161e-06,4.532291768555297e-06,4.5946908358018845e-06,4.24005338572897e-06,False,False,False,False,False,True,C5.6,5.6716217e-06,2022-04-20T23:34:00.000,11.0,2.0807617602258688e-06,False
274,5163,202204221316,703905840.0,False,5.524595053429948e-06,3.6470780742092757e-06,3.6103617730987025e-06,2.7516018690221244e-06,False,True,False,False,False,True,M3.4,3.4334662e-05,2022-04-22T13:25:00.000,9.0,8.517253604622965e-07,False
275,5195,202204300118,704554020.0,True,3.672354750960949e-06,3.462503400442074e-06,4.382858151075197e-06,3.7020806757936953e-06,False,False,False,False,False,True,C5.2,5.2705927e-06,2022-04-30T01:29:00.000,11.0,8.047722985793371e-07,False
276,5196,202204300138,704554020.0,True,3.672354750960949e-06,3.462503400442074e-06,4.382858151075197e-06,3.7020806757936953e-06,False,False,False,False,False,False,C4.3,4.354276e-06,2022-04-30T01:42:00.000,4.0,3.2754160201875493e-06,False
277,5198,202204300446,704566620.0,False,1.4010901395522524e-05,1.1104217264801264e-05,1.1419068869145121e-05,9.436654181627091e-06,True,True,True,True,True,True,M2.6,2.6054931e-05,2022-04-30T05:01:00.000,15.0,1.1813423270723433e-06,True
278,5199,202204300525,704568540.0,False,1.2424570741131902e-05,9.411874088982586e-06,9.853429219219834e-06,7.391026429104386e-06,True,True,True,True,True,True,M1.4,1.4256876e-05,2022-04-30T05:34:00.000,9.0,5.6106960073520895e-06,True
279,5204,202204300948,704584440.0,False,3.421053770580329e-05,2.3873571990407072e-05,2.5189725420204923e-05,1.6849342500790954e-05,True,True,True,True,True,True,M4.8,4.8238868e-05,2022-04-30T09:58:00.000,10.0,2.3417669581249356e-06,True
280,5206,202204301114,704589780.0,True,4.07794823331642e-06,4.027031081932364e-06,4.429045475262683e-06,4.104635536350543e-06,False,False,False,False,False,True,C5.4,5.4085594e-06,2022-04-30T11:24:00.000,10.0,1.9532465103111463e-06,False
281,5207,202204301134,704589780.0,True,4.07794823331642e-06,4.027031081932364e-06,4.429045475262683e-06,4.104635536350543e-06,False,False,False,False,False,True,C5.7,5.743142e-06,2022-04-30T11:41:00.000,7.0,3.958583420171635e-06,False
282,5208,202204301338,704598180.0,False,5.408936340245418e-05,2.3526752556790598e-05,2.2318456103676e-05,1.0084023415402044e-05,True,True,True,True,True,True,X1.1,0.00011312873,2022-04-30T13:47:00.000,9.0,2.350184786337195e-06,True
284,5211,202204301942,704619960.0,True,8.038994565140456e-06,5.543974566535326e-06,5.841511665494181e-06,3.944524451071629e-06,True,True,True,True,False,True,M1.9,1.9874149e-05,2022-04-30T19:47:00.000,5.0,2.334658120162203e-06,True
285,5218,202205030127,704813700.0,False,3.982856469519902e-06,3.580239763323334e-06,3.6707785966427764e-06,3.2332857244909974e-06,False,False,False,False,False,True,C6.2,6.2465233e-06,2022-05-03T01:38:00.000,11.0,7.313877858905471e-07,False
287,5223,202205030734,704835900.0,False,1.3674437468580436e-05,1.1933944733755197e-05,1.2830344530811999e-05,9.947331818693783e-06,True,True,True,True,True,True,M1.3,1.3633756e-05,2022-05-03T07:53:00.000,19.0,8.593153779656859e-07,True
288,5226,202205031309,704856120.0,False,5.536368553293869e-05,3.888335413648747e-05,4.075295873917639e-05,2.8475260478444397e-05,True,True,True,True,True,True,X1.1,0.000113361515,2022-05-03T13:25:00.000,16.0,6.45250395336916e-07,True
289,5229,202205040008,704895360.0,False,2.4408056560787372e-05,2.0052752006449737e-05,2.009739910135977e-05,1.763488762662746e-05,True,True,True,True,True,True,,5.322646e-05,2022-05-04T00:19:00.000,11.0,1.3342407783056842e-06,True
290,5234,202205040537,704915400.0,True,4.328182967583416e-06,3.338458327561966e-06,3.462373115326045e-06,2.6981517748936312e-06,False,False,False,False,False,True,,6.79994e-06,2022-05-04T05:52:00.000,15.0,7.36902620701585e-07,False
292,5238,202205040845,704926500.0,False,5.057945236330852e-05,4.212266139802523e-05,4.445690865395591e-05,3.470864976407029e-05,True,True,True,True,True,True,,5.7583497e-05,2022-05-04T08:59:00.000,14.0,1.1935512702621054e-06,True
294,5244,202205041625,704953740.0,False,1.060358863469446e-05,9.582041457179002e-06,9.807280548557173e-06,8.791321306489408e-06,True,True,True,True,True,True,,1.1911834e-05,2022-05-04T16:32:00.000,7.0,8.06677508080611e-06,True
295,5246,202205041855,704962800.0,False,7.3002152021217626e-06,5.787360350950621e-06,5.8993755374103785e-06,4.897123289993033e-06,True,True,True,True,False,True,,8.678358e-06,2022-05-04T19:05:00.000,10.0,1.7095026123570278e-06,True
296,5247,202205041931,704965440.0,False,1.4179536265146453e-05,1.3499639862857293e-05,1.3279829545354005e-05,1.2998028978472576e-05,True,True,True,True,True,False,,4.124247e-06,2022-05-04T19:37:00.000,6.0,2.547947133280104e-06,True
297,5248,202205041940,704965440.0,False,1.4179536265146453e-05,1.2995336874155328e-05,1.3279829545354005e-05,1.1971751519013196e-05,True,True,True,True,True,False,,3.0883834e-06,2022-05-04T19:41:00.000,1.0,3.2917851058300585e-06,True
298,5249,202205042009,704967300.0,False,1.647469434828963e-05,1.632757812330965e-05,1.647469434828963e-05,1.607733611308504e-05,True,True,True,True,True,True,,1.6444283e-05,2022-05-04T20:27:00.000,18.0,7.001376161497319e-06,True
299,5263,202205061615,705126120.0,True,1.4382998188011697e-06,1.120892648032168e-06,1.1326051208015997e-06,9.507346589998633e-07,False,False,False,False,False,False,C4.8,4.842972e-06,2022-05-06T16:22:00.000,7.0,6.949051680749108e-07,False
300,5277,202205080338,705253620.0,False,5.9984708968841005e-06,4.8907563723332714e-06,5.1207657634222414e-06,4.069527676620055e-06,True,True,False,True,False,True,C6.4,6.4474225e-06,2022-05-08T03:53:00.000,15.0,6.307290050244774e-07,False
301,5284,202205081923,705310500.0,False,5.801100542157656e-06,5.360692739486694e-06,5.420462912297808e-06,5.037974460719852e-06,True,True,True,True,True,True,C8.2,8.24108e-06,2022-05-08T19:38:00.000,15.0,7.066595912874618e-07,True
302,5311,202205142358,705844800.0,False,2.2848489606985822e-05,2.053183561656624e-05,2.1720416043535806e-05,1.76508110598661e-05,True,True,True,True,True,True,M2.2,2.2842129e-05,2022-05-15T00:08:00.000,10.0,1.6492448366989265e-06,True
304,5325,202205182156,706183140.0,False,7.593842383357696e-06,6.350620878947666e-06,6.4454366111021955e-06,5.626311121886829e-06,True,True,True,True,True,True,M1.1,1.1284367e-05,2022-05-18T22:02:00.000,6.0,4.446533239388373e-06,True
305,5327,202205200735,706304580.0,False,1.2616043932212051e-05,1.241092923010001e-05,1.2616227650141809e-05,1.2516662536654621e-05,True,True,True,True,True,True,M3.0,3.0303148e-05,2022-05-20T07:45:00.000,10.0,1.4910484651409206e-06,True
306,5331,202205202203,706356660.0,True,3.5385735372983618e-06,3.004421159857884e-06,3.0766905183554627e-06,2.724676278376137e-06,False,False,False,False,False,True,C8.4,8.424969e-06,2022-05-20T22:12:00.000,9.0,2.115670895364019e-06,False
307,5357,202205251809,706774620.0,False,1.3335596122487914e-05,1.2534678717202041e-05,1.2780445103999227e-05,1.175730812974507e-05,True,True,True,True,True,True,M1.3,1.3376665e-05,2022-05-25T18:24:00.000,15.0,1.004792238745722e-06,True
308,5407,202206132120,708427380.0,True,2.373193410676322e-06,1.9468723166937707e-06,1.9699725726241013e-06,1.73062733210827e-06,False,False,False,False,False,True,C8.5,8.528493e-06,2022-06-13T21:24:00.000,4.0,1.3823793096889858e-06,False
309,5417,202206141309,708484380.0,True,8.612420970166568e-06,4.5360411604633555e-06,8.612420970166568e-06,6.2140929912857246e-06,True,True,False,True,True,True,C6.5,6.5549893e-06,2022-06-14T13:13:00.000,4.0,1.0589923249426647e-06,False
310,5418,202206141319,708484380.0,True,8.612420970166568e-06,4.5360411604633555e-06,8.612420970166568e-06,6.2140929912857246e-06,True,True,False,True,True,True,C8.5,8.580415e-06,2022-06-14T13:26:00.000,7.0,2.0467878130148165e-06,False
311,5419,202206141411,708488220.0,False,7.24448273103917e-06,5.870113454875536e-06,7.24448273103917e-06,5.594982667389559e-06,True,True,True,True,True,True,C8.6,8.686075e-06,2022-06-14T14:20:00.000,9.0,2.3769350718794158e-06,True
312,5429,202206170044,708699120.0,True,1.1647979363260674e-06,1.140709287028585e-06,1.1451369346104912e-06,1.1179312195963576e-06,False,False,False,False,False,False,C4.6,4.6847053e-06,2022-06-17T00:53:00.000,9.0,9.365820119455748e-07,False
313,5539,202207050359,710265840.0,False,8.446556421404239e-06,7.166609066189267e-06,7.371058927674312e-06,6.25957227384788e-06,True,True,True,True,True,True,C9.8,9.884384e-06,2022-07-05T04:07:00.000,8.0,3.6445960631681373e-06,True
314,5544,202207051226,710296500.0,False,6.371925792336697e-06,5.518535544979386e-06,5.621622221951839e-06,4.964577328792075e-06,True,True,True,True,False,True,C7.5,7.591202e-06,2022-07-05T12:38:00.000,12.0,1.928031451825518e-06,True
315,5555,202207082007,710584020.0,False,2.294188379892148e-05,2.1588259187410586e-05,2.394634429947473e-05,2.2645255739917047e-05,True,True,True,True,True,True,M2.5,2.5736113e-05,2022-07-08T20:49:00.000,42.0,8.078814062173478e-07,True
316,5561,202207092056,710672580.0,True,1.0701244264055276e-06,1.0364749414293328e-06,1.0386310123067233e-06,1.0132138186236261e-06,False,False,False,False,False,True,C5.1,5.1946868e-06,2022-07-09T21:03:00.000,7.0,8.258180628217815e-07,False
317,5580,202207102330,710768400.0,False,9.554643838782795e-06,7.514176104450598e-06,7.925818863441236e-06,5.98016185904271e-06,True,True,True,True,True,True,M1.3,1.3083055e-05,2022-07-10T23:43:00.000,13.0,1.5300539644158562e-06,True
318,5583,202207110144,710776260.0,False,6.075185410736594e-06,5.6705034694459755e-06,5.828454050060827e-06,5.275408057059394e-06,True,True,True,True,True,True,C8.8,8.887606e-06,2022-07-11T01:53:00.000,9.0,1.2934480082549271e-06,True
319,5588,202207110908,710802960.0,False,1.0523969649511855e-05,1.0365421076130588e-05,1.0523969649511855e-05,1.0240754818369169e-05,True,True,True,True,True,True,M1.1,1.1524642e-05,2022-07-11T09:19:00.000,11.0,1.205047738039866e-06,True
320,5596,202207120321,710868300.0,False,5.191992840991588e-06,4.100093519809889e-06,4.236846507410519e-06,3.6277085655456176e-06,False,True,False,False,False,True,C7.6,7.659509e-06,2022-07-12T03:28:00.000,7.0,1.4235498611014918e-06,False
322,5602,202207121351,710905980.0,True,1.861613213804958e-06,1.726763571241463e-06,1.7233288645002176e-06,1.6531465689695324e-06,False,False,False,False,False,True,C7.5,7.5351572e-06,2022-07-12T13:54:00.000,3.0,1.834759245866735e-06,False
324,5623,202207140422,711044880.0,False,8.841425369610079e-06,7.184639343904564e-06,7.311513400054537e-06,6.204005785548361e-06,True,True,True,True,True,True,,1.2617972e-05,2022-07-14T04:31:00.000,9.0,1.7094066606659908e-06,True
326,5632,202207141324,711077520.0,True,6.284865776251536e-06,5.881830929865828e-06,6.284865776251536e-06,6.1938685576024e-06,True,True,True,True,True,True,,6.7544875e-06,2022-07-14T13:32:00.000,8.0,2.456352149238228e-06,True
327,5633,202207141338,711077520.0,True,6.284865776251536e-06,5.881830929865828e-06,6.284865776251536e-06,6.1938685576024e-06,True,True,True,True,True,False,,4.5790543e-06,2022-07-14T13:39:00.000,1.0,4.50325296696974e-06,True
329,5635,202207141645,711089400.0,True,3.0221340239222627e-06,2.874995743695763e-06,2.9134209853509674e-06,2.8502256554929772e-06,False,False,False,False,False,True,,6.4009423e-06,2022-07-14T16:50:00.000,5.0,2.988033656947664e-06,False
330,5636,202207142142,711107160.0,False,9.243945896741934e-06,6.39051313555683e-06,6.5598601395322476e-06,4.753151642944431e-06,True,True,True,True,False,True,,2.8957562e-05,2022-07-14T21:48:00.000,6.0,1.3103220908305957e-06,True
331,5642,202207150755,711143940.0,True,2.3184345536719775e-06,2.1291991743055405e-06,2.089979716402013e-06,2.028046083069057e-06,False,False,False,False,False,True,C5.5,5.534978e-06,2022-07-15T07:59:00.000,4.0,1.2651363476834376e-06,False
332,5643,202207151156,711158640.0,True,2.625921069920878e-06,2.066064780592569e-06,2.104328586938209e-06,1.7436371990697808e-06,False,False,False,False,False,True,C5.6,5.6048184e-06,2022-07-15T12:05:00.000,9.0,1.098889470085851e-06,False
333,5645,202207151810,711180900.0,True,2.6006457574112574e-06,2.155678885173984e-06,2.135653858204023e-06,1.9424717265792424e-06,False,False,False,False,False,True,C5.8,5.816646e-06,2022-07-15T18:16:00.000,6.0,1.4835004549240693e-06,False
335,5652,202207171220,711332640.0,False,4.610242740454851e-06,3.3782116588554345e-06,3.492427140372456e-06,2.6309169243177166e-06,False,False,False,False,False,True,C6.5,6.538838e-06,2022-07-17T12:27:00.000,7.0,1.6091478300950257e-06,False
336,5655,202207172130,711365880.0,True,1.6128784636748605e-06,1.4612588756790501e-06,1.4362499314302113e-06,1.399190637130232e-06,False,False,False,False,False,False,C4.8,4.895589e-06,2022-07-17T21:39:00.000,9.0,1.0667572496458888e-06,False
337,5727,202207290429,712341180.0,True,8.38915070744406e-07,6.01109661602095e-07,6.148209195089294e-07,4.665642734380526e-07,False,False,False,False,False,False,C4.2,4.2115494e-06,2022-07-29T04:33:00.000,4.0,1.6969134719602152e-07,False
338,5760,202208031654,712818180.0,True,4.512043688009726e-06,2.5172428195219254e-06,2.5923152406903682e-06,1.4682941582577769e-06,False,False,False,False,False,True,C6.9,6.926517e-06,2022-08-03T17:08:00.000,14.0,3.020019221366965e-07,False
339,5766,202208050556,712951500.0,True,1.4045086800251738e-06,1.0407143236079719e-06,1.013921973935794e-06,9.153941391559783e-07,False,False,False,False,False,True,C5.5,5.5329733e-06,2022-08-05T06:07:00.000,11.0,5.320511036188691e-07,False
340,5810,202208141355,713757600.0,True,1.9709791558852885e-06,1.6377272231693496e-06,1.6673255913701723e-06,1.4381035953192622e-06,False,False,False,False,False,True,C5.3,5.312931e-06,2022-08-14T14:00:00.000,5.0,1.2358053709249361e-06,False
341,5825,202208151427,713846040.0,False,4.652129064197652e-06,3.7890438306931173e-06,3.7131901535758516e-06,3.4838885767385364e-06,False,False,False,False,False,True,M1.0,1.0181691e-05,2022-08-15T14:36:00.000,9.0,9.349512879452959e-07,False
342,5827,202208151640,713854020.0,False,2.4320806915056892e-05,1.334059106739005e-05,1.3332647540664766e-05,7.821982762834523e-06,True,True,True,True,True,True,M2.7,2.733436e-05,2022-08-15T16:54:00.000,14.0,1.3735419770455337e-06,True
343,5828,202208151727,713856720.0,False,6.37502580502769e-06,5.065365712653147e-06,5.245958618615987e-06,4.1683010749693494e-06,True,True,True,True,False,True,M0.9,9.983037e-06,2022-08-15T17:35:00.000,8.0,1.56098155912332e-06,True
344,5833,202208160004,713880480.0,False,7.490854386560386e-06,5.8011050896311644e-06,6.119958925410174e-06,4.566320967569482e-06,True,True,True,True,False,True,C8.4,8.499455e-06,2022-08-16T00:13:00.000,9.0,1.2111347587051569e-06,True
346,5840,202208160752,713908500.0,False,2.6807840185938403e-05,2.0145862436038442e-05,2.071580456686206e-05,1.5954530681483448e-05,True,True,True,True,True,True,M5.0,5.07606e-05,2022-08-16T07:58:00.000,6.0,9.723323728394462e-07,True
347,5844,202208161319,713928540.0,True,2.614135155454278e-06,2.4052621938608354e-06,2.614135155454278e-06,2.1063078747829422e-06,False,False,False,False,False,True,C6.4,6.4149426e-06,2022-08-16T13:31:00.000,12.0,6.78951664667693e-07,False
348,5845,202208161356,713930580.0,True,3.5069274417764973e-06,2.946888344013132e-06,3.0053211048652884e-06,2.582513843663037e-06,False,False,False,False,False,True,C5.8,5.8412325e-06,2022-08-16T14:05:00.000,9.0,1.1177609167134506e-06,False
349,5847,202208162110,713956500.0,False,1.5644811355741695e-05,1.1358998563082423e-05,1.1665471902233548e-05,8.874542800185736e-06,True,True,True,True,True,True,M1.8,1.86329e-05,2022-08-16T21:21:00.000,11.0,1.4630115856562043e-06,True
350,5848,202208162303,713963520.0,True,1.8194672293248004e-06,1.3948446166978101e-06,1.404076556354994e-06,1.1626907507888973e-06,False,False,False,False,False,False,C4.6,4.630739e-06,2022-08-16T23:13:00.000,10.0,9.579539437254425e-07,False
351,5858,202208170811,713996160.0,False,8.696300028532278e-06,7.461863788194023e-06,7.857127457100432e-06,6.3805200625211e-06,True,True,True,True,True,True,,9.017492e-06,2022-08-17T08:20:00.000,9.0,9.58448708843207e-07,True
352,5862,202208171326,714015780.0,False,6.280074558162596e-06,4.288015134079615e-06,4.243447619955987e-06,3.3641956633800874e-06,False,True,False,False,False,True,,2.0453565e-05,2022-08-17T13:45:00.000,19.0,1.1527478136486025e-06,True
353,5874,202208180036,714055200.0,True,1.3069748092675582e-06,1.2484255194067373e-06,1.3069748092675582e-06,1.2424778788044932e-06,False,False,False,False,False,False,C3.7,3.7515558e-06,2022-08-18T00:40:00.000,4.0,1.0757403288153e-06,False
355,5879,202208180554,714074460.0,True,1.0347051784265204e-06,8.585634532209951e-07,8.503726576236659e-07,7.788522111695784e-07,False,False,False,False,False,True,C5.7,5.750933e-06,2022-08-18T06:02:00.000,8.0,6.218699013516016e-07,False
356,5883,202208181000,714089220.0,False,1.6806910707600764e-06,1.345738837699173e-06,1.3071552302790224e-06,1.2550106021080865e-06,False,False,False,False,False,True,M1.3,1.3980414e-05,2022-08-18T10:09:00.000,9.0,9.051464644471707e-07,False
357,5884,202208181019,714089220.0,False,1.6806910707600764e-06,1.345738837699173e-06,1.3071552302790224e-06,1.2550106021080865e-06,False,False,False,False,False,False,C3.4,3.4387265e-06,2022-08-18T10:33:00.000,14.0,1.226415520250157e-06,False
358,5885,202208181037,714091500.0,False,1.5910436559352092e-05,1.5713982065790333e-05,1.5910436559352092e-05,1.5407944374601357e-05,True,True,True,True,True,True,M1.5,1.59038e-05,2022-08-18T10:55:00.000,18.0,3.090727204835275e-06,True
359,5887,202208181401,714103860.0,False,2.9086152153467992e-06,1.993024170587887e-06,1.9587166661949595e-06,1.5608931107635726e-06,False,False,False,False,False,True,M1.3,1.31326e-05,2022-08-18T14:13:00.000,12.0,1.1084991911047837e-06,False
360,5888,202208181544,714109980.0,True,1.0379355899203802e-06,9.508084417575446e-07,9.464524168834032e-07,9.067046562449832e-07,False,False,False,False,False,False,C4.2,4.2192546e-06,2022-08-18T15:53:00.000,9.0,6.44871420263371e-07,False
361,5895,202208182144,714131760.0,False,9.900477380142547e-07,9.259007924811158e-07,1.0355083759350237e-06,9.32149760046741e-07,False,False,False,False,False,True,C6.3,6.3260713e-06,2022-08-18T21:58:00.000,14.0,5.280053869682888e-07,False
362,5896,202208182208,714131760.0,False,9.900477380142547e-07,9.259007924811158e-07,1.0355083759350237e-06,9.32149760046741e-07,False,False,False,False,False,False,C3.0,3.0727413e-06,2022-08-18T22:15:00.000,7.0,8.282231078737823e-07,False
364,5937,202208221401,714449220.0,False,1.930974804054131e-06,1.6911913007788826e-06,1.7001619880829821e-06,1.5621504871887737e-06,False,False,False,False,False,True,C5.1,5.1024604e-06,2022-08-22T14:09:00.000,8.0,7.444783705068403e-07,False
366,5966,202208251749,714722160.0,False,6.104447038524086e-06,5.440154836833244e-06,5.541810423892457e-06,4.985194664186565e-06,True,True,True,True,False,True,C7.3,7.3836013e-06,2022-08-25T17:58:00.000,9.0,1.4654293636340299e-06,True
367,5967,202208251845,714725640.0,False,7.566864496766357e-06,6.535137799801305e-06,8.069172508839983e-06,7.318196367123164e-06,True,True,True,True,True,True,C7.2,7.2648504e-06,2022-08-25T18:58:00.000,13.0,1.853643652793835e-06,True
368,5968,202208251903,714725640.0,False,7.566864496766357e-06,6.535137799801305e-06,8.069172508839983e-06,7.318196367123164e-06,True,True,True,True,True,True,C8.0,8.026663e-06,2022-08-25T19:09:00.000,6.0,5.534268893825356e-06,True
369,5969,202208251939,714728700.0,False,1.7137012036982924e-05,1.4509539141727146e-05,1.4832820852461737e-05,1.271341898245737e-05,True,True,True,True,True,True,M1.8,1.8207562e-05,2022-08-25T19:51:00.000,12.0,2.788035772027797e-06,True
370,5971,202208252309,714741420.0,False,1.0400727660453413e-05,1.01266814453993e-05,1.0400727660453413e-05,9.707624485599808e-06,True,True,True,True,True,True,C9.1,9.146479e-06,2022-08-25T23:19:00.000,10.0,1.0870805908780312e-06,True
371,5972,202208252321,714741420.0,False,1.0400727660453413e-05,1.01266814453993e-05,1.0400727660453413e-05,9.707624485599808e-06,True,True,True,True,True,True,M1.0,1.03667535e-05,2022-08-25T23:27:00.000,6.0,8.032231562538072e-06,True
372,5975,202208270152,714837780.0,False,2.832607970049139e-05,2.328742812096607e-05,3.186984031344764e-05,2.7157388103660196e-05,True,True,True,True,True,True,M4.8,4.8756818e-05,2022-08-27T02:40:00.000,48.0,4.019610514660599e-06,True
373,5977,202208270653,714855660.0,True,4.660852482629707e-06,4.106520918867318e-06,4.606219590641558e-06,3.789870561377029e-06,False,False,False,False,False,True,C8.8,8.850169e-06,2022-08-27T07:02:00.000,9.0,3.022346618308802e-06,False
374,5980,202208271129,714872100.0,False,6.322431090666214e-06,5.070385213912232e-06,5.115100066177547e-06,4.384683506941656e-06,True,True,True,True,False,True,M1.2,1.2256013e-05,2022-08-27T11:38:00.000,9.0,2.6575717129162513e-06,True
375,5982,202208271241,714876420.0,True,3.5284824662085157e-06,3.3852820706670173e-06,3.376053655301803e-06,3.322433940411429e-06,False,False,False,False,False,True,C8.8,8.821903e-06,2022-08-27T12:48:00.000,7.0,3.0779201551922597e-06,False
376,5983,202208271306,714877920.0,True,4.997783435101155e-06,4.505092420004075e-06,4.704590537585318e-06,4.363561856735032e-06,False,False,False,False,False,True,C9.6,9.687105e-06,2022-08-27T13:13:00.000,7.0,2.9260313567647245e-06,False
378,5985,202208271513,714885360.0,True,1.1083016943302937e-05,8.804764547676314e-06,9.98416271613678e-06,7.043709047138691e-06,True,True,True,True,True,True,M1.1,1.1080066e-05,2022-08-27T15:25:00.000,12.0,2.9912775971752126e-06,True
379,5986,202208271545,714887520.0,False,1.790992791939061e-05,1.7418680727132596e-05,1.7897551515488885e-05,1.6471285562147386e-05,True,True,True,True,True,True,M1.8,1.802086e-05,2022-08-27T15:58:00.000,13.0,3.377146867933334e-06,True
381,5989,202208272136,714908280.0,True,2.045233713943162e-06,1.7409473684892873e-06,1.7598459862711024e-06,1.5780210560478736e-06,False,False,False,False,False,True,C5.1,5.184726e-06,2022-08-27T21:39:00.000,3.0,1.5562203543595388e-06,False
382,5990,202208280047,714921120.0,False,1.4300534530775622e-05,1.376138152409112e-05,1.394503124174662e-05,1.331973271589959e-05,True,True,True,True,True,True,M1.4,1.42955005e-05,2022-08-28T01:20:00.000,33.0,1.5980064063114696e-06,True
383,5991,202208280126,714921240.0,False,1.394503124174662e-05,1.331973271589959e-05,1.3726252291235141e-05,1.3237558050605003e-05,True,True,True,True,True,True,M1.4,1.4603069e-05,2022-08-28T01:34:00.000,8.0,1.2915040315419901e-05,True
384,5999,202208281322,714965460.0,True,4.090954917046474e-06,3.573547246560338e-06,3.628539388955687e-06,3.2278567232424393e-06,False,False,False,False,False,True,C5.3,5.3396075e-06,2022-08-28T13:32:00.000,10.0,1.9431900000199676e-06,False
385,6000,202208281548,714974160.0,False,5.1237369916634634e-05,4.1239356505684555e-05,5.877705552848056e-05,4.907596667180769e-05,True,True,True,True,True,True,M6.7,6.7296576e-05,2022-08-28T16:19:00.000,31.0,2.7097628390038153e-06,True
386,6001,202208281820,714983040.0,False,4.673530929721892e-05,4.472994987736456e-05,4.549708683043718e-05,4.259188426658511e-05,True,True,True,True,True,True,M4.6,4.6703444e-05,2022-08-28T18:32:00.000,12.0,1.5903742678347044e-05,True
387,6002,202208282333,715001700.0,True,3.517601044222829e-06,3.4942486308864318e-06,3.501805167616112e-06,3.473265451248153e-06,False,False,False,False,False,True,C7.5,7.5301805e-06,2022-08-28T23:36:00.000,3.0,3.6890107821818674e-06,False
388,6004,202208290324,715015800.0,False,3.380437919986434e-05,2.9348235329962336e-05,3.128580647171475e-05,2.5074705263250507e-05,True,True,True,True,True,True,M3.3,3.380366e-05,2022-08-29T03:38:00.000,14.0,2.7293817765894346e-06,True
389,6006,202208290855,715035720.0,False,8.549783160560764e-06,7.679476766497828e-06,7.960740731505211e-06,6.946889698156156e-06,True,True,True,True,True,True,C8.5,8.543497e-06,2022-08-29T09:10:00.000,15.0,2.7211647193325916e-06,True
390,6007,202208291048,715043040.0,False,3.9681795897195116e-05,3.2537678634980693e-05,3.312016269774176e-05,2.8107331672799774e-05,True,True,True,True,True,True,M8.6,8.66998e-05,2022-08-29T11:07:00.000,19.0,2.153838295271271e-06,True
391,6008,202208291425,715055580.0,False,8.73923363542417e-06,8.296458872791845e-06,8.434485607722308e-06,8.110621820378583e-06,True,True,True,True,True,True,C8.7,8.730088e-06,2022-08-29T14:40:00.000,15.0,2.6984084797732066e-06,True
392,6009,202208291446,715055640.0,False,8.582747796026524e-06,8.1879379649763e-06,8.714020623301622e-06,8.157211595971603e-06,True,True,True,True,True,True,M2.5,2.5502022e-05,2022-08-29T14:56:00.000,10.0,7.88923443906242e-06,True
395,6070,202209051758,715672980.0,False,7.793481927365065e-06,7.314155027415836e-06,7.254123829625314e-06,7.11910251993686e-06,True,True,True,True,True,True,M1.0,1.0999505e-05,2022-09-05T18:05:00.000,7.0,3.431510549489758e-06,True
396,6115,202209111027,716164320.0,True,2.924421323768911e-06,2.7574403702601558e-06,2.7628757379716262e-06,2.6691377570386976e-06,False,False,False,False,False,False,C4.7,4.741689e-06,2022-09-11T10:33:00.000,6.0,1.411159132658213e-06,False
398,6118,202209111431,716179020.0,True,4.086251010448905e-06,3.7781917399115628e-06,3.8501143535540905e-06,3.5383666272537084e-06,False,False,False,False,False,True,C5.2,5.2576524e-06,2022-09-11T14:38:00.000,7.0,1.8450264178682119e-06,False
400,6131,202209131231,716344500.0,True,3.12079600917059e-06,2.9119739792804467e-06,2.8952467800991144e-06,2.7688795398717048e-06,False,False,False,False,False,True,C7.0,7.0567953e-06,2022-09-13T12:36:00.000,5.0,1.9297053768241312e-06,False
401,6135,202209131449,716353080.0,True,7.812354851921555e-06,7.4872118602797855e-06,8.45095837576082e-06,7.760939297440927e-06,True,True,True,True,True,True,C8.2,8.264749e-06,2022-09-13T15:01:00.000,12.0,3.827673481282545e-06,True
402,6136,202209131507,716353080.0,True,7.812354851921555e-06,7.4872118602797855e-06,8.45095837576082e-06,7.760939297440927e-06,True,True,True,True,True,True,C9.2,9.298828e-06,2022-09-13T15:16:00.000,9.0,7.255731816258049e-06,True
403,6137,202209131725,716362080.0,True,2.1026123704359634e-06,2.0225206753821112e-06,2.0487161691562505e-06,1.9606300156738143e-06,False,False,False,False,False,False,C4.9,4.97712e-06,2022-09-13T17:28:00.000,3.0,1.8633186300576199e-06,False
404,6147,202209140330,716398380.0,True,7.27530823496636e-06,4.846227511734469e-06,4.546147920336807e-06,3.7789898215123685e-06,False,True,False,False,False,False,C4.6,4.665457e-06,2022-09-14T03:34:00.000,4.0,1.7794343420973746e-06,False
405,6148,202209140337,716398380.0,True,7.27530823496636e-06,4.846227511734469e-06,4.546147920336807e-06,3.7789898215123685e-06,False,True,False,False,False,True,C7.2,7.25555e-06,2022-09-14T03:41:00.000,4.0,3.915373326890403e-06,False
406,6149,202209140349,716398800.0,True,5.307738319970667e-06,4.386100499687018e-06,5.307738319970667e-06,4.721284767583711e-06,True,True,False,True,False,True,C5.2,5.2887935e-06,2022-09-14T03:52:00.000,3.0,3.3122462355095195e-06,False
407,6153,202209141206,716429520.0,False,6.87965439283289e-06,6.295642378972843e-06,6.353040589601733e-06,5.923555818299064e-06,True,True,True,True,True,True,C7.7,7.7104805e-06,2022-09-14T12:16:00.000,10.0,3.176768814228126e-06,True
409,6162,202209171321,716693220.0,False,1.937591514433734e-05,1.906771467474755e-05,1.937591514433734e-05,1.9194088963558897e-05,True,True,True,True,True,True,M1.9,1.9359475e-05,2022-09-17T13:39:00.000,18.0,1.0697149264160544e-05,True
410,6163,202209172013,716718840.0,False,2.557982224971056e-05,2.3776208763592876e-05,2.3200080249807797e-05,2.2532483853865415e-05,True,True,True,True,True,False,C2.3,2.3375633e-06,2022-09-17T20:22:00.000,9.0,1.0836292858584784e-06,True
411,6164,202209172032,716718840.0,False,2.557982224971056e-05,2.2433960111811757e-05,2.3200080249807797e-05,1.9767865524045192e-05,True,True,True,True,True,True,M2.6,2.6060505e-05,2022-09-17T20:41:00.000,9.0,1.7216334526892751e-06,True
412,6166,202209200535,716924520.0,True,3.953560735681094e-06,3.6212411487213103e-06,3.7015488487668335e-06,3.3660708140814677e-06,False,False,False,False,False,True,C5.5,5.5425126e-06,2022-09-20T05:42:00.000,7.0,1.3967411405246821e-06,False
413,6168,202209201113,716944860.0,True,1.0564127478573937e-05,7.51877314542071e-06,8.035038263187744e-06,5.394075287767919e-06,True,True,True,True,True,True,M1.0,1.0980659e-05,2022-09-20T11:22:00.000,9.0,1.5637670003343374e-06,True
414,6173,202209210651,717015480.0,False,8.635045560367871e-06,7.68358131608693e-06,7.831410584913101e-06,7.020292741799494e-06,True,True,True,True,True,True,M1.0,1.0130757e-05,2022-09-21T07:02:00.000,11.0,1.7534055132273352e-06,True
415,6176,202209212308,717074340.0,True,4.685385647462681e-06,3.813552211795468e-06,3.956794444093248e-06,3.1862898595136357e-06,False,False,False,False,False,True,C6.7,6.711077e-06,2022-09-21T23:20:00.000,12.0,1.1958055665672873e-06,False
416,6183,202209221123,717118320.0,True,3.7036609228380257e-06,3.1703846161690308e-06,3.203660753570148e-06,2.884960167648387e-06,False,False,False,False,False,True,C7.8,7.809717e-06,2022-09-22T11:34:00.000,11.0,1.7037745010384242e-06,False
417,6189,202209230332,717176340.0,True,4.218744379613781e-06,3.700094339365023e-06,3.7779007016069954e-06,3.346846597196418e-06,False,False,False,False,False,True,C6.0,6.0912366e-06,2022-09-23T03:39:00.000,7.0,1.3879505331715336e-06,False
418,6193,202209231129,717204720.0,True,2.1667747205356136e-06,1.8840142956833006e-06,1.9681049252540106e-06,1.6875607116162428e-06,False,False,False,False,False,True,C7.2,7.2153657e-06,2022-09-23T11:33:00.000,4.0,1.4577616411770578e-06,False
419,6198,202209231748,717228120.0,False,1.7355567251797765e-05,1.7043503248714842e-05,1.7201238733832724e-05,1.6633175619062968e-05,True,True,True,True,True,True,M1.7,1.731684e-05,2022-09-23T18:10:00.000,22.0,3.2929151529970113e-06,True
420,6208,202209241553,717307440.0,False,5.260861598799238e-06,4.480774350668071e-06,4.606108632287942e-06,3.951290182158118e-06,False,True,False,False,False,True,C7.2,7.2357698e-06,2022-09-24T16:07:00.000,14.0,1.7164504697575467e-06,True
421,6216,202209250701,717361560.0,True,2.692037924134638e-06,2.4734940780035686e-06,2.511817228878499e-06,2.301843096574885e-06,False,False,False,False,False,True,C5.9,5.9540725e-06,2022-09-25T07:06:00.000,5.0,2.175176177843241e-06,False
422,6227,202209270637,717533040.0,True,3.706414872794994e-06,3.324053977848962e-06,3.4138679438910913e-06,3.0060666631470667e-06,False,False,False,False,False,False,C4.8,4.8436373e-06,2022-09-27T06:46:00.000,9.0,1.2220035614518565e-06,False
423,6233,202209271949,717580560.0,True,2.6601742320053745e-06,2.144756308553042e-06,2.140018295904156e-06,1.8601722331368364e-06,False,False,False,False,False,True,C5.0,5.089009e-06,2022-09-27T19:57:00.000,8.0,9.790173862711526e-07,False
424,6248,202209292010,717754560.0,False,5.54105281480588e-06,5.509555649041431e-06,5.515344582818216e-06,5.466745278681628e-06,True,True,True,True,True,True,C5.5,5.517859e-06,2022-09-29T20:24:00.000,14.0,1.7228890101250727e-06,True
425,6252,202209300346,717782100.0,False,1.0281409231538419e-05,9.670321560406592e-06,9.835254786594305e-06,9.112470252148341e-06,True,True,True,True,True,True,M1.0,1.0519981e-05,2022-09-30T04:01:00.000,15.0,2.1696182557207067e-06,True
426,6256,202209301403,717819180.0,False,6.699843197566224e-06,6.077911621105159e-06,6.1885070863354485e-06,5.614998826786177e-06,True,True,True,True,True,True,C7.8,7.809027e-06,2022-09-30T14:16:00.000,13.0,1.8866712707676925e-06,True
427,6259,202209301611,717826500.0,False,2.7654366931528784e-05,2.2615558918914758e-05,2.307371141796466e-05,1.9598805010900833e-05,True,True,True,True,True,True,M2.9,2.9706564e-05,2022-09-30T16:22:00.000,11.0,1.9961701127613196e-06,True
428,6260,202209301730,717831120.0,False,9.48337674344657e-06,8.84167729964247e-06,8.995690222945996e-06,8.317482752318028e-06,True,True,True,True,True,True,M1.3,1.3915893e-05,2022-09-30T17:34:00.000,4.0,3.1888778266875306e-06,True
430,6273,202210011958,717926700.0,False,4.0123941289493814e-05,2.6561543563730083e-05,2.7230507839703932e-05,1.9031040210393257e-05,True,True,True,True,True,True,M5.8,5.865486e-05,2022-10-01T20:10:00.000,12.0,1.6748185771575663e-06,True
431,6274,202210030219,718036080.0,False,2.4306866180268116e-05,2.211449645983521e-05,2.247059455839917e-05,2.056113771686796e-05,True,True,True,True,True,True,M2.6,2.6258713e-05,2022-10-03T02:33:00.000,14.0,2.6427624106872827e-06,True
432,6276,202210030712,718053600.0,False,5.786860583611997e-06,4.910935786028858e-06,4.980808171239914e-06,4.331908257881878e-06,False,True,False,False,False,True,C7.5,7.572493e-06,2022-10-03T07:23:00.000,11.0,1.8139459143640124e-06,False
433,6279,202210030938,718062780.0,False,3.909605948138051e-05,3.540198667906225e-05,4.0962582716019824e-05,3.8261085137492046e-05,True,True,True,True,True,True,M4.2,4.205304e-05,2022-10-03T10:11:00.000,33.0,4.03631429435336e-06,True
434,6280,202210031103,718066380.0,True,7.917838047433179e-06,6.515010227303719e-06,1.210470509249717e-05,8.170664841600228e-06,True,True,True,True,True,True,M1.5,1.5213547e-05,2022-10-03T11:11:00.000,8.0,5.765184596384643e-06,True
435,6286,202210031520,718082760.0,False,1.4958662177377846e-05,1.2158227946201805e-05,1.2981657164345961e-05,9.920325283019338e-06,True,True,True,True,True,True,M1.6,1.6986618e-05,2022-10-03T15:30:00.000,10.0,2.7062103526986903e-06,True
436,6290,202210031938,718098360.0,True,4.885843736701645e-06,4.70889563075616e-06,4.914793862553779e-06,4.684705345425755e-06,False,False,False,False,False,True,C6.0,6.0440075e-06,2022-10-03T19:46:00.000,8.0,2.2022372831997927e-06,False
437,6291,202210031957,718098360.0,True,4.885843736701645e-06,4.70889563075616e-06,5.212271389609668e-06,4.772633019456407e-06,False,False,False,True,False,True,M1.2,1.2605639e-05,2022-10-03T20:28:00.000,31.0,4.534842446446419e-06,True
438,6292,202210032113,718103880.0,False,1.507610340922838e-05,1.313160373683786e-05,1.3464320545608643e-05,1.1828142305603251e-05,True,True,True,True,True,True,M1.7,1.7838347e-05,2022-10-03T21:22:00.000,9.0,5.922544460190693e-06,True
439,6295,202210041248,718160640.0,False,1.6137075363076292e-05,1.5889963833615184e-05,1.6137075363076292e-05,1.5897747289272957e-05,True,True,True,True,True,True,M1.6,1.6092145e-05,2022-10-04T13:15:00.000,27.0,2.451851287332829e-06,True
440,6298,202210050151,718207200.0,False,5.602026249107439e-06,5.158330623089569e-06,5.238483026914764e-06,4.819470177608309e-06,True,True,True,True,False,True,C5.6,5.6642743e-06,2022-10-05T02:07:00.000,16.0,1.059412397808046e-06,False
441,6320,202210080027,718461420.0,False,4.607475148077356e-06,3.7112170048203552e-06,3.8064245018176734e-06,3.157322453262168e-06,False,False,False,False,False,True,C6.6,6.6131647e-06,2022-10-08T00:40:00.000,13.0,9.920237289406941e-07,False
442,6343,202210101534,718688580.0,True,4.154495854891138e-06,3.6851972708973335e-06,3.7426218568725744e-06,3.3658998290775344e-06,False,False,False,False,False,False,C4.9,4.9624473e-06,2022-10-10T15:45:00.000,11.0,1.2127665058869752e-06,False
443,6344,202210101605,718690320.0,False,2.297111859661527e-05,2.0687401047325693e-05,2.408537875453476e-05,2.2423171685659327e-05,True,True,True,True,True,True,M2.4,2.411541e-05,2022-10-10T16:28:00.000,23.0,2.9203849862824427e-06,True
444,6354,202210110836,718749660.0,True,3.3156741210405016e-06,2.4675694021425443e-06,2.320221483387286e-06,2.0984521142963786e-06,False,False,False,False,False,True,M3.9,3.9843617e-05,2022-10-11T08:42:00.000,6.0,8.393827783947927e-07,False
445,6355,202210111046,718757460.0,True,2.0980151020921767e-06,1.658735868659278e-06,1.8144187379220966e-06,1.3498015505319927e-06,False,False,False,False,False,True,M1.5,1.5277665e-05,2022-10-11T10:52:00.000,6.0,9.042907436196401e-07,False
446,6364,202210121414,718856280.0,True,1.2677060112764593e-06,1.196120138047263e-06,1.2677060112764593e-06,1.2201296613056911e-06,False,False,False,False,False,True,C8.8,8.87418e-06,2022-10-12T14:18:00.000,4.0,1.0739943263615714e-06,False
447,6365,202210121624,718864140.0,True,8.814928378342302e-07,7.920693860796746e-07,8.134502422763035e-07,7.779485713399481e-07,False,False,False,False,False,False,C4.7,4.7415356e-06,2022-10-12T16:29:00.000,5.0,6.708903583785286e-07,False
448,6367,202210122354,718891800.0,False,1.5469770005438477e-05,1.5261490261764266e-05,1.5455749235115945e-05,1.4838085007795598e-05,True,True,True,True,True,True,M1.5,1.5438109e-05,2022-10-13T00:19:00.000,25.0,7.903057053226803e-07,True
449,6377,202210140920,719011920.0,False,1.330237773800036e-05,1.3117820344632491e-05,1.330237773800036e-05,1.3196154213801492e-05,True,True,True,True,True,True,M1.3,1.329749e-05,2022-10-14T09:44:00.000,24.0,9.395340043738543e-07,True
451,6399,202210192140,719487900.0,True,9.590689842298161e-07,7.615403774252627e-07,7.703819733251294e-07,6.538194270433451e-07,False,False,False,False,False,False,C4.2,4.2106058e-06,2022-10-19T21:45:00.000,5.0,4.705542835381493e-07,False
452,6403,202210200315,719508240.0,True,2.6367654299974674e-06,2.056209041256807e-06,2.0879342628177255e-06,1.7228340993824531e-06,False,False,False,False,False,True,C5.3,5.3681874e-06,2022-10-20T03:26:00.000,11.0,5.077406513009919e-07,False
453,6431,202210220527,719688780.0,False,6.469554136856459e-06,6.426003437809413e-06,6.437690899474546e-06,6.321302862488665e-06,True,True,True,True,True,True,C6.4,6.4635137e-06,2022-10-22T05:42:00.000,15.0,7.901432468315761e-07,True
454,6445,202210251852,719996580.0,True,2.230410245829262e-06,1.7391398614563514e-06,1.7882758811538224e-06,1.4321631169877946e-06,False,False,False,False,False,False,C4.9,4.9293603e-06,2022-10-25T19:03:00.000,11.0,4.417103127707378e-07,False
455,6449,202210261231,720060000.0,False,4.678755885834107e-06,3.6728649774886435e-06,3.8040554954932304e-06,2.9823258955730125e-06,False,False,False,False,False,True,C6.7,6.7527158e-06,2022-10-26T12:43:00.000,12.0,4.730940474928502e-07,False
456,6518,202211120009,721484100.0,False,4.772461124957772e-06,2.9391076168394648e-06,2.8379765808494994e-06,2.1440087039081845e-06,False,False,False,False,False,True,M1.1,1.1709789e-05,2022-11-12T00:18:00.000,9.0,6.513076868941425e-07,False
457,6519,202211120217,721491780.0,True,1.0955735660900245e-06,9.164582479570527e-07,9.203728268403211e-07,8.259243600150512e-07,False,False,False,False,False,False,C4.5,4.593569e-06,2022-11-12T02:24:00.000,7.0,7.050321642054769e-07,False
458,6530,202211121801,721548180.0,True,3.7141724078537663e-06,3.4053466606565053e-06,3.7141724078537663e-06,2.9968230137455976e-06,False,False,False,False,False,True,C6.5,6.549978e-06,2022-11-12T18:04:00.000,3.0,2.2052761323720915e-06,False
459,6552,202211141334,721705140.0,True,2.242904656668543e-06,2.016502776314155e-06,2.028612925641937e-06,1.8985969063578523e-06,False,False,False,False,False,True,C7.5,7.503362e-06,2022-11-14T13:40:00.000,6.0,1.2637635791179491e-06,False
460,6553,202211141724,721718940.0,True,2.4168609797925455e-06,2.175692770833848e-06,2.18146738006908e-06,2.0446439066290623e-06,False,False,False,False,False,True,C5.1,5.114731e-06,2022-11-14T17:29:00.000,5.0,1.6070259789557895e-06,False
461,6571,202211181123,722042820.0,True,1.7689033029455459e-06,1.3828339433530346e-06,1.3903322724218015e-06,1.1813589253506507e-06,False,False,False,False,False,True,C5.1,5.1306224e-06,2022-11-18T11:28:00.000,5.0,9.472203714722127e-07,False
462,6580,202211190605,722110620.0,False,8.093447831925005e-06,7.2044203989207745e-06,7.42682505006087e-06,6.4746473071863875e-06,True,True,True,True,True,True,C8.3,8.399496e-06,2022-11-19T06:23:00.000,18.0,7.045977099551237e-07,True
464,6583,202211191242,722134080.0,False,1.6105195754789747e-05,1.5138305570872035e-05,1.548096952319611e-05,1.410933691659011e-05,True,True,True,True,True,True,M1.6,1.6089014e-05,2022-11-19T12:56:00.000,14.0,1.1920099041162757e-06,True
465,6648,202212010704,723151080.0,False,8.709907888260204e-06,7.816613106115256e-06,7.897804607637227e-06,7.216614903882146e-06,True,True,True,True,True,True,M1.0,1.0955116e-05,2022-12-01T07:21:00.000,17.0,7.968924933265953e-07,True
466,6657,202212020909,723244740.0,True,3.3319477097393246e-06,2.582009756224579e-06,2.664816520336899e-06,2.109219394696993e-06,False,False,False,False,False,True,C8.1,8.188889e-06,2022-12-02T09:20:00.000,11.0,6.385792516994115e-07,False
467,6670,202212031736,723361200.0,True,9.73803025772213e-07,8.928163879318163e-07,8.797562713880325e-07,8.602684715697251e-07,False,False,False,False,False,True,M1.2,1.29028895e-05,2022-12-03T17:41:00.000,5.0,8.080308475655329e-07,False
468,6685,202212071256,723690180.0,True,3.832181391771883e-06,3.503863808873575e-06,3.6431222270039143e-06,3.111201522187912e-06,False,False,False,False,False,True,C5.8,5.875073e-06,2022-12-07T13:04:00.000,8.0,6.341068115034432e-07,False
470,6729,202212140730,724275120.0,False,2.46111630985979e-05,2.0823996237595566e-05,2.2132211597636342e-05,1.7317584934062324e-05,True,True,True,True,True,True,M2.4,2.4583886e-05,2022-12-14T07:40:00.000,10.0,6.127862434368581e-06,True
471,6730,202212140824,724278420.0,False,8.974976481113117e-06,7.232570624182699e-06,7.49333412386477e-06,6.0951551859034225e-06,True,True,True,True,True,True,M1.1,1.1801026e-05,2022-12-14T08:31:00.000,7.0,4.750595508085098e-06,True
472,6731,202212140920,724281780.0,False,9.982210940506775e-06,8.418131073995028e-06,8.543494004698005e-06,7.388497124338755e-06,True,True,True,True,True,True,M1.3,1.3916205e-05,2022-12-14T09:27:00.000,7.0,2.714576112339273e-06,True
473,6733,202212141145,724290900.0,False,9.615636372473091e-06,8.991522918222472e-06,8.865553354553413e-06,8.777848961472046e-06,True,True,True,True,True,True,M1.1,1.1754523e-05,2022-12-14T11:59:00.000,14.0,2.029626557487063e-06,True
474,6734,202212141224,724292880.0,False,2.42637670453405e-05,1.912605694087688e-05,1.9508099285303615e-05,1.617170164536219e-05,True,True,True,True,True,True,M4.1,4.1154886e-05,2022-12-14T12:31:00.000,7.0,5.65238678973401e-06,True
475,6735,202212141431,724300620.0,False,4.5376735215540975e-05,3.393579027033411e-05,3.450726580922492e-05,2.774609311018139e-05,True,True,True,True,True,True,M6.3,6.356953e-05,2022-12-14T14:42:00.000,11.0,1.8629751821208629e-06,True
476,6736,202212141454,724300920.0,True,2.582324123068247e-05,2.3201479052659124e-05,2.9168904802645557e-05,2.3984544895938598e-05,True,True,True,True,True,True,M3.2,3.239337e-05,2022-12-14T14:59:00.000,5.0,2.208489786426071e-05,True
477,6738,202212141703,724309680.0,False,1.7704502170090564e-05,1.5079506738402415e-05,1.5390787666547112e-05,1.3174193554732483e-05,True,True,True,True,True,True,M2.2,2.2161868e-05,2022-12-14T17:12:00.000,9.0,2.5111917238973547e-06,True
478,6740,202212141927,724318320.0,True,6.18215699432767e-06,5.9127573877049144e-06,6.18215699432767e-06,5.8535347307042684e-06,True,True,True,True,True,True,C6.4,6.40634e-06,2022-12-14T19:33:00.000,6.0,2.8803412988054333e-06,True
479,6741,202212141938,724318320.0,True,6.18215699432767e-06,5.9127573877049144e-06,6.18215699432767e-06,5.8535347307042684e-06,True,True,True,True,True,True,C6.1,6.1648216e-06,2022-12-14T19:43:00.000,5.0,5.178177161724307e-06,True
480,6742,202212142031,724322640.0,False,2.1774079868919216e-05,1.5483938113902695e-05,2.2635014829575084e-05,1.8645381715032272e-05,True,True,True,True,True,True,M1.3,1.3347128e-05,2022-12-14T20:50:00.000,19.0,2.9644374990311917e-06,True
481,6743,202212142052,724322640.0,False,2.1774079868919216e-05,1.5483938113902695e-05,2.2635014829575084e-05,1.8645381715032272e-05,True,True,True,True,True,True,M2.2,2.2621798e-05,2022-12-14T20:58:00.000,6.0,1.2000755305052735e-05,True
482,6744,202212142133,724325820.0,False,1.8565540813142434e-05,1.4107536117080599e-05,1.9318400518386625e-05,1.673507722443901e-05,True,True,True,True,True,True,M1.3,1.3247375e-05,2022-12-14T21:39:00.000,6.0,4.58947124570841e-06,True
483,6745,202212142145,724325820.0,False,1.8565540813142434e-05,1.4107536117080599e-05,1.9318400518386625e-05,1.673507722443901e-05,True,True,True,True,True,True,M1.9,1.9637979e-05,2022-12-14T21:53:00.000,8.0,1.1126799108751584e-05,True
484,6746,202212142157,724326480.0,False,2.8655278583755717e-05,1.9846920622512698e-05,3.918985021300614e-05,2.6610965505824424e-05,True,True,True,True,True,True,M4.5,4.541192e-05,2022-12-14T22:06:00.000,9.0,1.5945963241392747e-05,True
485,6747,202212142341,724333440.0,True,4.958578756486531e-06,4.539605015452253e-06,4.958578756486531e-06,4.4693001655105036e-06,False,False,False,False,False,True,C7.3,7.3736774e-06,2022-12-14T23:45:00.000,4.0,3.4643585422600154e-06,False
486,6749,202212150124,724339980.0,False,1.5372932466561906e-05,1.4002326679474209e-05,1.4742986422788817e-05,1.2436107681423891e-05,True,True,True,True,True,True,M1.6,1.623628e-05,2022-12-15T01:37:00.000,13.0,4.649246420740383e-06,True
487,6754,202212150655,724359540.0,False,2.3961403712746687e-05,2.120579119946342e-05,2.177703208872117e-05,1.9211796825402416e-05,True,True,True,True,True,True,M2.3,2.3952147e-05,2022-12-15T07:07:00.000,12.0,2.373497636654065e-06,True
488,6755,202212150754,724363080.0,True,9.226085239788517e-06,9.021967343869619e-06,9.226085239788517e-06,9.08008951228112e-06,True,True,True,True,True,True,M1.0,1.00083425e-05,2022-12-15T07:58:00.000,4.0,5.927198799327016e-06,True
489,6756,202212150802,724363080.0,True,9.226085239788517e-06,9.021967343869619e-06,9.226085239788517e-06,9.005062565847766e-06,True,True,True,True,True,True,C9.2,9.219421e-06,2022-12-15T08:10:00.000,8.0,8.070050171227194e-06,True
490,6757,202212150955,724370880.0,False,1.5282190361176617e-05,1.4708414710185025e-05,1.5133427950786427e-05,1.4021151400811505e-05,True,True,True,True,True,True,M1.5,1.5274954e-05,2022-12-15T10:16:00.000,21.0,3.2814298265293473e-06,True
491,6758,202212151023,724371180.0,False,1.433213401469402e-05,1.3545878573495429e-05,1.557616087666247e-05,1.4170843314786907e-05,True,True,True,True,True,True,M1.6,1.638877e-05,2022-12-15T10:30:00.000,7.0,1.3122618838679045e-05,True
493,6765,202212151635,724394340.0,False,1.5724541299277917e-05,1.2283885553188156e-05,1.9798017092398368e-05,1.4961554370529484e-05,True,True,True,True,True,True,M1.1,1.11888885e-05,2022-12-15T16:44:00.000,9.0,4.281511792214587e-06,True
494,6766,202212151647,724394340.0,False,1.5724541299277917e-05,1.2283885553188156e-05,1.9798017092398368e-05,1.4961554370529484e-05,True,True,True,True,True,True,M2.0,2.0725858e-05,2022-12-15T16:56:00.000,9.0,1.0813128028530627e-05,True
496,6770,202212152220,724415040.0,False,4.9499467422720045e-05,4.1019171476364136e-05,5.700879046344198e-05,4.7258767153834924e-05,True,True,True,True,True,True,M5.7,5.744778e-05,2022-12-15T22:40:00.000,20.0,6.5533158704056405e-06,True
497,6771,202212160130,724426740.0,False,3.0403536584344693e-05,2.6999026886187494e-05,3.122182170045562e-05,2.91088053927524e-05,True,True,True,True,True,True,M3.5,3.5523448e-05,2022-12-16T02:01:00.000,31.0,3.5183122690796154e-06,True
498,6775,202212160442,724438380.0,False,1.2074256119376514e-05,1.0809983905346598e-05,1.1134298802062403e-05,9.74621252680663e-06,True,True,True,True,True,True,M1.2,1.23962545e-05,2022-12-16T04:59:00.000,17.0,2.2414767499867594e-06,True
499,6776,202212160536,724441200.0,False,1.3837921869708225e-05,1.360274382022908e-05,1.3671599845110904e-05,1.3211145414970815e-05,True,True,True,True,True,True,M1.3,1.3826122e-05,2022-12-16T05:48:00.000,12.0,5.7423189900873695e-06,True
500,6777,202212160630,724444800.0,True,1.0002057933888864e-05,9.169576514977962e-06,9.29208817979088e-06,8.537401299690828e-06,True,True,True,True,True,True,M1.2,1.2362526e-05,2022-12-16T06:42:00.000,12.0,4.815899046661798e-06,True
502,6779,202212160726,724447980.0,False,1.4811180335527752e-05,1.20482918646303e-05,1.2372738638077863e-05,1.0336455488868523e-05,True,True,True,True,True,True,M1.6,1.6726422e-05,2022-12-16T07:38:00.000,12.0,3.878293682646472e-06,True
503,6780,202212160855,724453260.0,False,9.878395758278202e-06,8.253253326984122e-06,8.128407898766454e-06,7.827151421224698e-06,True,True,True,True,True,True,M1.5,1.5687108e-05,2022-12-16T09:05:00.000,10.0,2.590521262391121e-06,True
504,6781,202212160933,724455600.0,True,1.002852604869986e-05,8.80990774021484e-06,9.056560884346254e-06,7.927888873382472e-06,True,True,True,True,True,True,M1.1,1.1683638e-05,2022-12-16T09:43:00.000,10.0,7.828699381207116e-06,True
505,6782,202212161002,724457700.0,False,3.924649354303256e-05,3.446900882408954e-05,3.596833994379267e-05,3.039742477994878e-05,True,True,True,True,True,True,M4.0,4.0206298e-05,2022-12-16T10:19:00.000,17.0,6.021406989020761e-06,True
506,6783,202212161136,724462740.0,True,7.268667559401365e-06,6.7651367317012046e-06,6.785442565160338e-06,6.3558854890288785e-06,True,True,True,True,True,True,C8.5,8.594988e-06,2022-12-16T11:40:00.000,4.0,6.138125627330737e-06,True
508,6785,202212161347,724470600.0,False,4.389505647850456e-06,3.7108648029970936e-06,3.895798272424145e-06,3.2450900562253082e-06,False,False,False,False,False,True,C5.8,5.897003e-06,2022-12-16T13:53:00.000,6.0,2.371180926274974e-06,False
509,6786,202212161424,724473180.0,False,2.44305902015185e-05,2.3587575924466364e-05,2.3813265215721913e-05,2.2645617718808353e-05,True,True,True,True,True,True,M2.4,2.4572535e-05,2022-12-16T14:40:00.000,16.0,2.1037799342593644e-06,True
510,6787,202212161534,724476960.0,False,9.607242645870429e-06,7.699339221289847e-06,7.79704441811191e-06,6.591830242541619e-06,True,True,True,True,True,True,M1.2,1.2642182e-05,2022-12-16T15:40:00.000,6.0,7.109190391929587e-06,True
511,6789,202212161902,724489560.0,False,7.319225915125571e-06,5.987978056509746e-06,6.166288585518487e-06,5.124379185872385e-06,True,True,True,True,True,True,C9.1,9.1039965e-06,2022-12-16T19:11:00.000,9.0,2.6543850708549144e-06,True
512,6791,202212162050,724496340.0,False,8.209090992750134e-06,7.286380423465744e-06,7.516302048315993e-06,6.560645942954579e-06,True,True,True,True,True,True,C8.9,8.975311e-06,2022-12-16T21:04:00.000,14.0,1.9656811218737857e-06,True
513,6805,202212171939,724578480.0,False,9.15998225536896e-06,7.069053481245646e-06,7.349418410740327e-06,5.679419700754806e-06,True,True,True,True,True,True,M1.0,1.0914376e-05,2022-12-17T19:53:00.000,14.0,1.175160832644906e-06,True
514,6807,202212180113,724598460.0,True,4.055356839671731e-06,3.830752120848047e-06,3.942464445572114e-06,3.554807335603982e-06,False,False,False,False,False,True,C5.4,5.465479e-06,2022-12-18T01:22:00.000,9.0,1.5899167919997126e-06,False
515,6824,202212191417,724731960.0,True,6.696226137137273e-06,6.1082287174940575e-06,6.179378488013754e-06,5.709252945962362e-06,True,True,True,True,True,True,C8.0,8.027153e-06,2022-12-19T14:29:00.000,12.0,3.2124712561198976e-06,True
516,6834,202212200842,724798260.0,False,7.192027169367066e-06,6.3075494836084545e-06,6.556843800353818e-06,5.556344603974139e-06,True,True,True,True,True,True,C8.2,8.201116e-06,2022-12-20T08:53:00.000,11.0,1.8044775060843676e-06,True
517,6835,202212201351,724816440.0,False,1.1561820429051295e-05,9.6588346423232e-06,1.1561820429051295e-05,1.0832322004716843e-05,True,True,True,True,True,True,C6.5,6.5624135e-06,2022-12-20T13:56:00.000,5.0,1.1839861144835595e-06,True
518,6836,202212201359,724816440.0,False,1.1561820429051295e-05,9.6588346423232e-06,1.1561820429051295e-05,1.0832322004716843e-05,True,True,True,True,True,True,M1.1,1.1527418e-05,2022-12-20T14:06:00.000,7.0,5.66286234970903e-06,True
519,6840,202212210513,724871880.0,True,2.0540023797366302e-06,1.803751274565002e-06,1.804140424610523e-06,1.6992242990454542e-06,False,False,False,False,False,True,C6.9,6.9313255e-06,2022-12-21T05:18:00.000,5.0,1.3436496146823629e-06,False
520,6870,202212261942,725356200.0,True,4.256119609635789e-06,3.81379959435435e-06,3.954095063818386e-06,3.3802209600253263e-06,False,False,False,False,False,True,C6.0,6.028378e-06,2022-12-26T19:51:00.000,9.0,2.5577726319170324e-06,False
522,6877,202212270046,725374200.0,False,1.4628604731115047e-05,1.0933065823337529e-05,1.119025910156779e-05,8.599799912190065e-06,True,True,True,True,True,True,M2.0,2.0673486e-05,2022-12-27T00:54:00.000,8.0,5.945378234173404e-06,True
523,6885,202212270802,725400480.0,False,1.0529378414503299e-05,9.889447937894147e-06,9.957356269296724e-06,9.494372534391005e-06,True,True,True,True,True,True,M1.0,1.0598085e-05,2022-12-27T08:15:00.000,13.0,2.4969106107164407e-06,True
524,6888,202212271615,725430180.0,False,7.701461072429083e-06,5.962313025520416e-06,6.1571854530484416e-06,4.879038442595629e-06,True,True,True,True,False,True,M1.2,1.2077879e-05,2022-12-27T16:26:00.000,11.0,1.5310758954001358e-06,True
525,6905,202212291812,725609760.0,False,1.9272627469035797e-05,1.827653068176005e-05,2.1862797439098358e-05,1.920825343404431e-05,True,True,True,True,True,True,M2.1,2.1786427e-05,2022-12-29T18:20:00.000,8.0,1.5261987300618785e-06,True
526,6906,202212291826,725609760.0,False,1.9272627469035797e-05,1.827653068176005e-05,2.1862797439098358e-05,1.920825343404431e-05,True,True,True,True,True,True,M2.4,2.4306597e-05,2022-12-29T18:33:00.000,7.0,1.763919135555625e-05,True
527,6917,202212301103,725670540.0,False,8.545694981876295e-06,6.656990535702789e-06,6.991035661485512e-06,5.300697011989541e-06,True,True,True,True,True,True,C9.6,9.644264e-06,2022-12-30T11:14:00.000,11.0,1.3164515166863566e-06,True
528,6920,202212301524,725685960.0,True,2.088952214762685e-06,1.9379406239750097e-06,1.9358876670594327e-06,1.8588576722322614e-06,False,False,False,False,False,True,M1.4,1.444178e-05,2022-12-30T15:28:00.000,4.0,1.7656016098044347e-06,False
530,6923,202212301926,725700840.0,False,2.985574428748805e-05,2.30050427489914e-05,2.353068884985987e-05,1.8900384020525962e-05,True,True,True,True,True,True,M3.7,3.7431644e-05,2022-12-30T19:38:00.000,12.0,1.7432398635719437e-06,True
531,6932,202212312138,725794980.0,False,8.505578080075793e-06,7.783858563925605e-06,7.966209523146972e-06,7.17192006050027e-06,True,True,True,True,True,True,C9.1,9.113051e-06,2022-12-31T21:48:00.000,10.0,2.3642337509954814e-06,True
532,6944,202301020609,725912220.0,False,5.403510385804111e-06,3.647745643320377e-06,3.7250313198455842e-06,2.6971854367729975e-06,False,True,False,False,False,True,C9.4,9.451112e-06,2023-01-02T06:21:00.000,12.0,1.2225061709614238e-06,False
533,6966,202301060043,726238500.0,False,7.077116606524214e-05,6.093912816140801e-05,6.268340803217143e-05,5.361902367440052e-05,True,True,True,True,True,True,X1.2,0.00012163665,2023-01-06T00:57:00.000,14.0,1.0586987855276675e-06,True
534,6973,202301061843,726302940.0,False,3.4459135349607095e-06,2.8769211439794162e-06,2.8351921628200216e-06,2.628436732265982e-06,False,False,False,False,False,True,C6.2,6.2204567e-06,2023-01-06T18:53:00.000,10.0,1.675948738011357e-06,False
535,6976,202301070040,726324480.0,False,1.2482106285460759e-05,1.0531633051868994e-05,1.0712806215451565e-05,9.288443834520876e-06,True,True,True,True,True,True,M1.6,1.6310407e-05,2023-01-07T00:52:00.000,12.0,1.5962425550242187e-06,True
536,6980,202301071048,726361020.0,True,6.9866473495494574e-06,6.427282642107457e-06,6.9866473495494574e-06,6.563796432601521e-06,True,True,True,True,True,True,C6.9,6.9244807e-06,2023-01-07T11:01:00.000,13.0,2.0232760107319336e-06,True
537,6981,202301071106,726361020.0,True,6.9866473495494574e-06,6.427282642107457e-06,6.9866473495494574e-06,6.563796432601521e-06,True,True,True,True,True,True,C6.9,6.9646935e-06,2023-01-07T11:09:00.000,3.0,5.989998044242384e-06,True
538,6998,202301080839,726439680.0,False,1.1795194950536825e-05,1.0618973647069652e-05,1.0917540748778265e-05,9.648734703660011e-06,True,True,True,True,True,True,M1.2,1.2157462e-05,2023-01-08T08:54:00.000,15.0,3.501725132082356e-06,True
539,7002,202301081451,726462120.0,False,1.4059697605262045e-05,1.3065390703559387e-05,1.3438885616778862e-05,1.205703301820904e-05,True,True,True,True,True,True,M1.4,1.4422605e-05,2023-01-08T15:07:00.000,16.0,3.5945079162047477e-06,True
540,7003,202301081844,726475920.0,False,9.820920240599662e-06,9.450336619920563e-06,1.0621854926284868e-05,9.797420716495253e-06,True,True,True,True,True,True,C9.7,9.726106e-06,2023-01-08T18:57:00.000,13.0,1.915283974085469e-06,True
541,7004,202301081902,726475920.0,False,9.820920240599662e-06,9.450336619920563e-06,1.0621854926284868e-05,9.797420716495253e-06,True,True,True,True,True,True,M1.0,1.0923919e-05,2023-01-08T19:11:00.000,9.0,9.219984349329025e-06,True
543,7008,202301090051,726497640.0,False,1.1452882063167635e-05,1.1164494935655966e-05,1.1318846190988552e-05,1.0819373528647702e-05,True,True,True,True,True,True,M1.1,1.1431522e-05,2023-01-09T01:02:00.000,11.0,3.829015440715011e-06,True
544,7014,202301090845,726526560.0,False,2.0218389181536622e-05,1.955971310962923e-05,2.0218389181536622e-05,1.8392551282886416e-05,True,True,True,True,True,True,M2.1,2.1476191e-05,2023-01-09T09:01:00.000,16.0,2.8716231099679135e-06,True
545,7015,202301091315,726542400.0,False,6.547438715642784e-06,5.920503099332564e-06,6.024692083883565e-06,5.468673407449387e-06,True,True,True,True,True,True,M1.0,1.0262305e-05,2023-01-09T13:22:00.000,7.0,1.918864199978998e-06,True
546,7019,202301091837,726561900.0,False,0.00014340467168949544,0.00010753481910796836,0.00011396549234632403,8.158900891430676e-05,True,True,True,True,True,True,X1.9,0.00019765817,2023-01-09T18:50:00.000,13.0,3.0843714284856105e-06,True
547,7020,202301092050,726569640.0,True,3.6851788536296226e-06,3.235250687794178e-06,3.3071744383050827e-06,2.9312475362530677e-06,False,False,False,False,False,True,C5.9,5.928004e-06,2023-01-09T20:55:00.000,5.0,2.0294376099627698e-06,False
548,7024,202301100009,726581580.0,False,2.7503183446242474e-05,2.1134750568307936e-05,2.1952302631689236e-05,1.705836803012062e-05,True,True,True,True,True,True,M5.1,5.152473e-05,2023-01-10T00:16:00.000,7.0,4.362045729067177e-06,True
549,7026,202301100208,726588840.0,False,7.392795851046685e-06,6.6694101406028494e-06,6.695101546938531e-06,6.277167358348379e-06,True,True,True,True,True,True,M1.0,1.0814691e-05,2023-01-10T02:16:00.000,8.0,3.623473958214163e-06,True
550,7027,202301100233,726590160.0,False,2.5342409571749158e-05,2.2721418645232916e-05,2.3224887627293356e-05,2.0758050595759414e-05,True,True,True,True,True,True,M2.6,2.6934356e-05,2023-01-10T02:41:00.000,8.0,5.74279101783759e-06,True
551,7032,202301100854,726613380.0,False,8.10099663794972e-06,7.592999736516504e-06,7.702054972469341e-06,7.144758001231821e-06,True,True,True,True,True,True,C8.8,8.803698e-06,2023-01-10T09:06:00.000,12.0,3.4764314023050247e-06,True
552,7033,202301101059,726620760.0,True,5.100524958834285e-06,4.503290256252512e-06,4.542867372947512e-06,4.172907665633829e-06,False,True,False,False,False,True,M1.0,1.0986276e-05,2023-01-10T11:08:00.000,9.0,2.613279548313585e-06,False
553,7034,202301101210,726624960.0,True,3.880128133459948e-06,3.5852888231602265e-06,3.6258300042391056e-06,3.3763028568500886e-06,False,False,False,False,False,True,C8.5,8.558164e-06,2023-01-10T12:17:00.000,7.0,3.2387449664383894e-06,False
554,7038,202301101444,726634020.0,True,4.508165602601366e-06,4.295050530345179e-06,4.973503109795274e-06,4.4873686420032755e-06,False,False,False,False,False,True,C8.7,8.729835e-06,2023-01-10T14:47:00.000,3.0,3.386895286894287e-06,True
555,7040,202301101717,726643320.0,False,1.1499278116389178e-05,8.493289897160139e-06,8.848633115121629e-06,6.6185425566800404e-06,True,True,True,True,True,True,M1.3,1.3508288e-05,2023-01-10T17:28:00.000,11.0,3.3461703878856497e-06,True
556,7041,202301101744,726644880.0,True,4.38793813373195e-06,4.084369720658287e-06,4.033359800814651e-06,3.988212029071292e-06,False,False,False,False,False,True,M1.2,1.2541061e-05,2023-01-10T17:48:00.000,4.0,3.704917389768525e-06,False
557,7045,202301102239,726662760.0,False,1.370437257719459e-05,7.179770818765974e-06,6.773611403332325e-06,4.349401933723129e-06,True,True,True,True,False,True,X1.0,0.0001063301,2023-01-10T22:47:00.000,8.0,2.1674650270142592e-06,True
558,7047,202301110039,726670320.0,False,2.4592205591034144e-05,2.1437137547763996e-05,2.2571097360923886e-05,1.8481996448826976e-05,True,True,True,True,True,True,M2.4,2.4735158e-05,2023-01-11T00:59:00.000,20.0,2.3550062451249687e-06,True
559,7048,202301110149,726673980.0,False,2.1240912246867083e-05,1.5110737876966596e-05,1.4675968486699276e-05,1.2403918844938744e-05,True,True,True,True,True,True,M5.6,5.6708155e-05,2023-01-11T01:56:00.000,7.0,4.7116704990912694e-06,True
560,7052,202301110825,726697920.0,True,3.602431661420269e-06,3.5143593777320348e-06,3.885202204401139e-06,3.647669700512779e-06,False,False,False,False,False,True,M3.1,3.141117e-05,2023-01-11T08:33:00.000,8.0,2.17015599446313e-06,False
561,7056,202301120335,726766860.0,True,3.132782467218931e-06,3.121974259556737e-06,3.1389283776661614e-06,3.1283152566174977e-06,False,False,False,False,False,True,C7.2,7.235562e-06,2023-01-12T03:42:00.000,7.0,3.3019141483237036e-06,False
562,7058,202301120633,726777600.0,False,1.6022118870751e-05,1.5807445379323326e-05,1.6022118870751e-05,1.5458868801943026e-05,True,True,True,True,True,True,M1.5,1.5923693e-05,2023-01-12T06:46:00.000,13.0,8.859552508511115e-06,True
564,7062,202301121108,726794100.0,False,1.2353159945632797e-05,1.2148079804319423e-05,1.2353159945632797e-05,1.22993487821077e-05,True,True,True,True,True,True,M1.2,1.2335127e-05,2023-01-12T11:28:00.000,20.0,3.541706064424943e-06,True
566,7067,202301121903,726822600.0,False,1.001525561150629e-05,9.048872016137466e-06,9.208054507325869e-06,8.335670827364083e-06,True,True,True,True,True,True,M1.0,1.0617729e-05,2023-01-12T19:13:00.000,10.0,5.70596876059426e-06,True
567,7068,202301122024,726827460.0,True,5.377343768486753e-06,5.227009296504548e-06,5.291421985020861e-06,5.036799848312512e-06,True,True,True,True,True,True,C7.3,7.3128604e-06,2023-01-12T20:32:00.000,8.0,4.1410244193684775e-06,True
568,7072,202301130253,726850500.0,False,8.95640732778702e-06,7.92916034697555e-06,7.933975211926736e-06,7.353699402301572e-06,True,True,True,True,True,True,M1.4,1.4267601e-05,2023-01-13T02:59:00.000,6.0,6.340478648780845e-06,True
569,7076,202301131005,726876780.0,False,4.882531811745139e-06,4.144347258261405e-06,4.081894530827412e-06,3.87275758839678e-06,False,False,False,False,False,True,M3.9,3.9868297e-05,2023-01-13T10:15:00.000,10.0,3.847847892757272e-06,False
570,7078,202301131654,726901200.0,True,5.640937615680741e-06,5.168851657799678e-06,5.215965302340919e-06,4.865275059273699e-06,True,True,True,True,False,True,C9.0,9.056957e-06,2023-01-13T17:01:00.000,7.0,4.3946774894720875e-06,True
572,7088,202301142006,726999060.0,False,3.598606781451963e-05,3.2851516152732074e-05,3.598606781451963e-05,2.916040102718398e-05,True,True,True,True,True,True,M3.5,3.5951758e-05,2023-01-14T20:21:00.000,15.0,4.708870164904511e-06,True
573,7089,202301142037,727000920.0,False,4.290983633836731e-05,3.9007962186587974e-05,4.490763967623934e-05,4.195344808977097e-05,True,True,True,True,True,True,M4.6,4.6022175e-05,2023-01-14T21:00:00.000,23.0,1.671840436756611e-05,True
574,7090,202301150308,727024740.0,False,5.063618300482631e-05,4.3765987356891856e-05,5.39911343366839e-05,4.907620677840896e-05,True,True,True,True,True,True,M6.0,6.02541e-05,2023-01-15T03:42:00.000,34.0,4.5196716200734954e-06,True
575,7091,202301151207,727056600.0,True,4.9542686610948294e-06,4.683270617533708e-06,4.728936801257078e-06,4.485661065700697e-06,False,False,False,False,False,True,C8.3,8.384236e-06,2023-01-15T12:11:00.000,4.0,4.120469839108409e-06,False
576,7092,202301151416,727064580.0,False,4.889303454547189e-05,4.442262070369907e-05,4.5786891860188916e-05,4.05575628974475e-05,True,True,True,True,True,True,M4.8,4.8878264e-05,2023-01-15T14:31:00.000,15.0,3.507678911773837e-06,True
577,7100,202301170002,727186080.0,False,8.901288310880773e-06,7.96879885456292e-06,8.138987141137477e-06,7.2563739195175e-06,True,True,True,True,True,True,C9.4,9.425952e-06,2023-01-17T00:13:00.000,11.0,2.388422672083834e-06,True
578,7108,202301172316,727269780.0,False,1.7304349967162125e-05,1.53635937749641e-05,1.5490079022129066e-05,1.4017034118296579e-05,True,True,True,True,True,True,M1.8,1.843098e-05,2023-01-17T23:29:00.000,13.0,2.056547145912191e-06,True
579,7110,202301180458,727291140.0,True,3.7474223972822074e-06,3.51180483448843e-06,3.5416678656474687e-06,3.347297024447471e-06,False,False,False,False,False,True,C5.0,5.0030476e-06,2023-01-18T05:13:00.000,15.0,2.2840390556666534e-06,False
580,7111,202301181021,727309800.0,False,1.606802106834948e-05,1.409971901011886e-05,1.4287263184087351e-05,1.2840680028602947e-05,True,True,True,True,True,True,M1.8,1.8158567e-05,2023-01-18T10:35:00.000,14.0,1.955740117409732e-06,True
581,7115,202301182037,727346760.0,True,2.903116865127231e-06,2.6070028980029747e-06,2.5433905648242217e-06,2.498088633728912e-06,False,False,False,False,False,True,C9.4,9.493394e-06,2023-01-18T20:47:00.000,10.0,2.212323352068779e-06,False
583,7119,202301190400,727372920.0,False,5.770020379713969e-06,4.699258170148823e-06,4.809851361642359e-06,4.063418600708246e-06,False,True,False,False,False,True,M1.1,1.1190476e-05,2023-01-19T04:03:00.000,3.0,2.931777544290526e-06,True
585,7123,202301191006,727394940.0,False,1.0728997040132526e-05,8.398516911256593e-06,8.732675269129686e-06,6.7896016844315454e-06,True,True,True,True,True,True,M1.7,1.7719982e-05,2023-01-19T10:12:00.000,6.0,2.067215746137663e-06,True
586,7128,202301220209,727625640.0,True,4.467601229407592e-06,3.7265965602273354e-06,3.8033031160011888e-06,3.249127075832803e-06,False,False,False,False,False,True,C7.0,7.047765e-06,2023-01-22T02:16:00.000,7.0,2.321972488061874e-06,False
587,7129,202301221037,727656480.0,True,6.357123766065342e-06,5.753905043093255e-06,5.888583928026492e-06,5.299652457324555e-06,True,True,True,True,True,True,C8.3,8.391097e-06,2023-01-22T10:50:00.000,13.0,2.771871322693187e-06,True
588,7137,202301221649,727678620.0,False,1.3850160030415282e-05,1.0812706022989005e-05,1.1274669304839335e-05,8.743048056203406e-06,True,True,True,True,True,True,M1.6,1.6220205e-05,2023-01-22T17:02:00.000,13.0,2.364111878705444e-06,True
589,7145,202301250937,727911900.0,False,4.086537956027314e-05,3.997396561317146e-05,4.216086745145731e-05,4.0876195271266624e-05,True,True,True,True,True,True,M4.6,4.6541183e-05,2023-01-25T10:11:00.000,34.0,6.0654797380266245e-06,True
590,7147,202301251642,727937880.0,True,1.281599634239683e-05,1.1520177395141218e-05,1.1827997695945669e-05,1.0429149369883817e-05,True,True,True,True,True,True,M1.3,1.39858685e-05,2023-01-25T17:01:00.000,19.0,5.165070888324408e-06,True
591,7149,202301252223,727957920.0,False,1.4941675544832833e-05,1.1635474038484972e-05,1.1974946573900525e-05,9.589012734068092e-06,True,True,True,True,True,True,M2.0,2.025358e-05,2023-01-25T22:35:00.000,12.0,3.2384700716647785e-06,True
592,7153,202301260724,727990320.0,True,2.5273020582972094e-06,2.3287245767278364e-06,2.3195168523670873e-06,2.228168568763067e-06,False,False,False,False,False,True,C6.8,6.805434e-06,2023-01-26T07:33:00.000,9.0,1.6163730833795853e-06,False
593,7155,202301261253,728010060.0,False,2.337673504371196e-05,1.960931513167452e-05,2.0435847545741126e-05,1.6481493730680086e-05,True,True,True,True,True,True,M2.8,2.8712053e-05,2023-01-26T13:06:00.000,13.0,3.730038088178844e-06,True
594,7206,202302072001,729072240.0,False,9.390275408804882e-06,8.44224268803373e-06,8.592469384893775e-06,7.792436008458026e-06,True,True,True,True,True,True,M1.5,1.596277e-05,2023-02-07T20:07:00.000,6.0,2.3909360606921837e-06,True
596,7210,202302072246,729082380.0,False,3.943871706724167e-05,2.573395067884121e-05,6.392058276105672e-05,3.5944267438026145e-05,True,True,True,True,True,True,M3.8,3.896816e-05,2023-02-07T22:58:00.000,12.0,4.25408870796673e-06,True
597,7212,202302080245,729096660.0,False,7.2062266553984955e-06,6.427598691516323e-06,6.596094863198232e-06,5.817780674988171e-06,True,True,True,True,True,True,M2.0,2.0664977e-05,2023-02-08T02:53:00.000,8.0,3.513940328048193e-06,True
598,7217,202302081528,729142740.0,False,1.3466947166307364e-05,1.2036599400744308e-05,1.4386553630174603e-05,1.3094900168653112e-05,True,True,True,True,True,True,M1.6,1.6258486e-05,2023-02-08T16:03:00.000,35.0,1.9736344256671146e-06,True
599,7219,202302081956,729158520.0,False,1.55073848873144e-05,1.5244028872984927e-05,1.55073848873144e-05,1.4843561984889675e-05,True,True,True,True,True,True,M1.5,1.5476604e-05,2023-02-08T20:12:00.000,16.0,3.700984279930708e-06,True
600,7220,202302082103,729162480.0,False,1.594472814758774e-05,1.4541924429067876e-05,1.46248867167742e-05,1.3900571502745152e-05,True,True,True,True,True,True,M1.7,1.7163804e-05,2023-02-08T21:13:00.000,10.0,8.999249075714033e-06,True
601,7221,202302082121,729162540.0,False,1.5268080460373312e-05,1.4155501958157402e-05,1.4100046428211499e-05,1.3790736375085544e-05,True,True,True,True,True,True,M1.7,1.7532e-05,2023-02-08T21:37:00.000,16.0,1.350511683995137e-05,True
602,7223,202302100245,729269580.0,False,3.728287265403196e-05,3.662747622001916e-05,3.728287265403196e-05,3.5922203096561134e-05,True,True,True,True,True,True,M3.7,3.7280977e-05,2023-02-10T03:03:00.000,18.0,2.301555468875449e-06,True
603,7225,202302100802,729288300.0,True,5.028373379900586e-06,4.875430477113696e-06,4.904927664028946e-06,4.7442977120226715e-06,False,True,False,False,False,True,M1.4,1.4078581e-05,2023-02-10T08:05:00.000,3.0,4.124412043893244e-06,True
605,7229,202302101043,729298080.0,True,3.644243406597525e-06,3.522820179568953e-06,3.5216412470617797e-06,3.472925754977041e-06,False,False,False,False,False,True,C9.6,9.652724e-06,2023-02-10T10:50:00.000,7.0,2.8661961550824344e-06,False
607,7232,202302102234,729340620.0,False,9.582407074049115e-06,7.566715794382617e-06,7.727439879090525e-06,6.389491318259388e-06,True,True,True,True,True,True,M1.2,1.2620081e-05,2023-02-10T22:41:00.000,7.0,3.4550446343928343e-06,True
609,7235,202302110627,729368940.0,True,7.262045073730405e-06,6.818722340540262e-06,7.068136710586259e-06,6.716840289300308e-06,True,True,True,True,True,True,C7.7,7.73768e-06,2023-02-11T06:34:00.000,7.0,4.249657195032341e-06,True
610,7237,202302110748,729374100.0,True,2.2995374820311554e-05,1.8448250557412393e-05,2.2995374820311554e-05,2.1286658011376858e-05,True,True,True,True,True,True,C9.9,9.943769e-06,2023-02-11T07:56:00.000,8.0,2.977986696350854e-06,True
611,7238,202302110759,729374100.0,True,2.2995374820311554e-05,1.8448250557412393e-05,2.2995374820311554e-05,2.1286658011376858e-05,True,True,True,True,True,True,M2.2,2.2959382e-05,2023-02-11T08:08:00.000,9.0,9.317185686086304e-06,True
612,7239,202302110913,729379200.0,True,5.465924459713278e-06,5.115784460940631e-06,5.678856268787058e-06,5.089002570457524e-06,True,True,True,True,True,True,C7.3,7.3244605e-06,2023-02-11T09:21:00.000,8.0,2.4989942630782025e-06,True
613,7241,202302111129,729387180.0,True,1.059370333678089e-05,1.0046897841675673e-05,1.0100075996888336e-05,9.737575965118594e-06,True,True,True,True,True,True,M1.4,1.4995508e-05,2023-02-11T11:34:00.000,5.0,7.181485216278816e-06,True
614,7242,202302111205,729389220.0,False,1.1228409675823059e-05,1.0453083632455673e-05,1.1274370990577154e-05,1.0501696124265436e-05,True,True,True,True,True,True,M1.5,1.5382138e-05,2023-02-11T12:09:00.000,4.0,9.102052899834234e-06,True
615,7243,202302111540,729402300.0,False,5.243389023235068e-05,3.0057219191803597e-05,2.8496117010945454e-05,2.052496165561024e-05,True,True,True,True,True,True,X1.1,0.00011646811,2023-02-11T15:48:00.000,8.0,3.9578812902618665e-06,True
616,7244,202302111711,729407940.0,False,1.1366740181983914e-05,9.388604667037725e-06,9.642329132475425e-06,8.095429620880168e-06,True,True,True,True,True,True,M1.4,1.4305811e-05,2023-02-11T17:23:00.000,12.0,4.174030891590519e-06,True
617,7248,202302120334,729445380.0,False,5.941044946666807e-06,5.135678748047212e-06,5.26315579918446e-06,4.587534021993633e-06,True,True,True,True,False,True,C8.8,8.818098e-06,2023-02-12T03:44:00.000,10.0,2.447548240525066e-06,True
618,7251,202302120835,729463440.0,False,1.54735262185568e-05,1.2932680874655489e-05,1.2922461792186368e-05,1.183755011879839e-05,True,True,True,True,True,True,M3.1,3.1839012e-05,2023-02-12T08:48:00.000,13.0,3.2941904919425724e-06,True
619,7253,202302121323,729480600.0,False,9.971916369977407e-06,8.942821295931935e-06,9.089296327147167e-06,8.220110430556815e-06,True,True,True,True,True,True,M1.2,1.22612255e-05,2023-02-12T13:34:00.000,11.0,3.6758240185008617e-06,True
620,7255,202302121533,729488160.0,False,8.144276762322988e-06,7.538674708484905e-06,7.445637493219692e-06,7.29912653696374e-06,True,True,True,True,True,True,M1.0,1.0899995e-05,2023-02-12T15:38:00.000,5.0,2.596524154796498e-06,True
621,7256,202302121717,729494520.0,False,5.131133093527751e-06,4.708319920609938e-06,4.779355549544562e-06,4.4151779547974e-06,False,True,False,False,False,True,C6.1,6.1452793e-06,2023-02-12T17:24:00.000,7.0,2.228110133728478e-06,False
622,7267,202302131529,729574620.0,True,6.490151463367511e-06,5.981170488666976e-06,7.471620392607292e-06,6.176034275995335e-06,True,True,True,True,True,True,C7.7,7.765566e-06,2023-02-13T15:40:00.000,11.0,2.5207486942235846e-06,True
623,7268,202302131549,729574620.0,True,6.490151463367511e-06,5.981170488666976e-06,7.471620392607292e-06,6.176034275995335e-06,True,True,True,True,True,True,M1.4,1.4451495e-05,2023-02-13T15:56:00.000,7.0,5.6208214118669275e-06,True
624,7274,202302140157,729612000.0,False,7.54047277951031e-06,5.966399385215482e-06,6.161571945995092e-06,4.925443590764189e-06,True,True,True,True,False,True,M1.8,1.8246472e-05,2023-02-14T02:03:00.000,6.0,1.7096549527195748e-06,True
625,7279,202302140613,729627720.0,False,7.597070634801639e-06,7.2506613832956646e-06,7.2784146141202655e-06,7.0398177740571555e-06,True,True,True,True,True,True,C9.6,9.634327e-06,2023-02-14T06:25:00.000,12.0,3.5149989798810566e-06,True
627,7282,202302141111,729645540.0,True,3.0880587473802734e-06,2.635239070514217e-06,2.6628413252183236e-06,2.3674574549659155e-06,False,False,False,False,False,True,C5.5,5.574302e-06,2023-02-14T11:19:00.000,8.0,2.0593095086951507e-06,False
628,7283,202302141159,729648420.0,False,2.364714237046428e-05,2.2250145775615238e-05,2.1990095774526708e-05,2.1611775082419626e-05,True,True,True,True,True,True,M2.6,2.6944906e-05,2023-02-14T12:12:00.000,13.0,1.6892577150429133e-06,True
629,7284,202302142113,729681600.0,False,7.982082934177015e-06,6.9594229898939375e-06,7.116922915884061e-06,6.271291567827575e-06,True,True,True,True,True,True,C8.9,8.959567e-06,2023-02-14T21:25:00.000,12.0,1.8585465113574173e-06,True
631,7286,202302160019,729779400.0,False,8.052204975683708e-06,6.810234026488615e-06,7.052321961964481e-06,5.8952737163053825e-06,True,True,True,True,True,True,M1.1,1.102095e-05,2023-02-16T00:32:00.000,13.0,1.4610407106374623e-06,True
632,7303,202302171938,729935640.0,False,0.0001571341563249007,0.0001141277389251627,0.00018302947864867747,0.000146935970406048,True,True,True,True,True,True,X2.2,0.00022803889,2023-02-17T20:16:00.000,38.0,2.4135511011991184e-06,True
633,7305,202302181149,729993420.0,False,5.47921172255883e-06,4.449479547474766e-06,4.498966063692933e-06,3.884280431520892e-06,False,True,False,False,False,True,C7.7,7.7677005e-06,2023-02-18T12:00:00.000,11.0,3.09961728817143e-06,False
634,7306,202302181831,730017300.0,True,2.3111922473617597e-06,2.056992570942384e-06,2.016044163610786e-06,1.977259898922057e-06,False,False,False,False,False,True,C7.6,7.668683e-06,2023-02-18T18:36:00.000,5.0,1.8137654933525482e-06,False
635,7308,202302220010,730296960.0,True,3.86642204830423e-06,3.0304429401439847e-06,3.0655719456262887e-06,2.5368397018610267e-06,False,False,False,False,False,True,C7.1,7.1519426e-06,2023-02-22T00:18:00.000,8.0,2.9111265575920697e-06,False
636,7310,202302220237,730305960.0,True,2.55595796261332e-06,2.0554823549900902e-06,2.0614013465092285e-06,1.8172769387092558e-06,False,False,False,False,False,True,C7.1,7.1722484e-06,2023-02-22T02:48:00.000,11.0,1.359155362479214e-06,False
637,7312,202302220451,730313880.0,False,1.3982494238007348e-05,1.3033605682721827e-05,1.4076514162297826e-05,1.3624576240545139e-05,True,True,True,True,True,True,M1.4,1.4061393e-05,2023-02-22T05:12:00.000,21.0,1.9328163034515455e-06,True
638,7317,202302221336,730345440.0,False,2.508789475541562e-05,1.950441401277203e-05,2.0596335161826573e-05,1.5445823009940796e-05,True,True,True,True,True,True,M2.6,2.6797543e-05,2023-02-22T13:50:00.000,14.0,1.7706622656987747e-06,True
639,7325,202302230600,730404780.0,True,3.792992174567189e-06,3.1883544124866603e-06,3.111546220679884e-06,2.9079628802719526e-06,False,False,False,False,False,False,C3.2,3.2556945e-06,2023-02-23T06:06:00.000,6.0,1.996628952838364e-06,False
640,7326,202302230611,730404780.0,True,3.792992174567189e-06,3.092552788075409e-06,3.111546220679884e-06,2.721062401178642e-06,False,False,False,False,False,True,M1.5,1.5327565e-05,2023-02-23T06:14:00.000,3.0,2.1472101252584253e-06,False
641,7327,202302230758,730411800.0,True,4.4732137212122325e-06,3.929033027816331e-06,4.042497039336013e-06,3.538906639732886e-06,False,False,False,False,False,True,C7.2,7.2550633e-06,2023-02-23T08:12:00.000,14.0,2.1320017822290538e-06,False
642,7328,202302230832,730413840.0,False,1.1981627721979748e-05,1.0886229574680328e-05,1.2609521945705637e-05,1.1664039448078256e-05,True,True,True,True,True,True,M1.0,1.0244244e-05,2023-02-23T08:48:00.000,16.0,2.979402552227839e-06,True
643,7329,202302230851,730413840.0,False,1.1981627721979748e-05,1.0886229574680328e-05,1.2609521945705637e-05,1.1664039448078256e-05,True,True,True,True,True,True,M1.2,1.2824834e-05,2023-02-23T09:01:00.000,10.0,1.0016487067332491e-05,True
645,7332,202302231504,730437060.0,False,3.764154826058075e-06,3.0804367270320654e-06,3.1460913305636495e-06,2.6599491320666857e-06,False,False,False,False,False,True,C7.5,7.54121e-06,2023-02-23T15:13:00.000,9.0,2.480341663613217e-06,False
646,7333,202302231752,730448160.0,True,5.75852982365177e-06,4.646843080990948e-06,4.782141331816092e-06,3.939429461752297e-06,False,True,False,False,False,True,C8.9,8.907039e-06,2023-02-23T18:19:00.000,27.0,1.7762687321010162e-06,True
647,7334,202302232307,730465980.0,True,2.4694070361874765e-06,2.3055538349581184e-06,2.3291929664992495e-06,2.174025439671823e-06,False,False,False,False,False,True,C6.2,6.2982863e-06,2023-02-23T23:13:00.000,6.0,1.391285991303448e-06,False
648,7343,202302241711,730530840.0,True,5.600715667242184e-06,4.436747531144647e-06,4.547646767605329e-06,3.7037250422145007e-06,False,True,False,False,False,True,M1.1,1.1962743e-05,2023-02-24T17:15:00.000,4.0,1.6685056607457227e-06,True
649,7344,202302242003,730541880.0,False,3.734164056368172e-05,3.615827881731093e-05,3.734164056368172e-05,3.644007665570825e-05,True,True,True,True,True,True,M3.7,3.7315283e-05,2023-02-24T20:30:00.000,27.0,1.6540005844944972e-06,True
650,7346,202302250412,730570800.0,False,6.428062533814227e-06,4.844797786063282e-06,5.249834430287592e-06,3.6583576275006635e-06,True,True,False,True,False,True,C8.1,8.110235e-06,2023-02-25T04:22:00.000,10.0,1.5578193597320933e-06,True
651,7350,202302251534,730611480.0,False,5.269604571367381e-06,4.581941084325081e-06,4.66307028545998e-06,4.107673248654464e-06,False,True,False,False,False,True,M1.0,1.0860275e-05,2023-02-25T15:40:00.000,6.0,9.594891707820352e-07,False
652,7351,202302251840,730624620.0,False,4.227533281664364e-05,3.413428203202784e-05,4.8377984057879075e-05,4.054201053804718e-05,True,True,True,True,True,True,M6.3,6.354004e-05,2023-02-25T19:44:00.000,64.0,1.0960941381199518e-06,True
653,7362,202302281735,730878060.0,False,8.622357563581318e-05,7.397152512567118e-05,8.323141082655638e-05,5.854028859175742e-05,True,True,True,True,True,True,M8.6,8.617607e-05,2023-02-28T17:50:00.000,15.0,1.9335566321387887e-06,True
654,7364,202303010056,730904640.0,False,7.91342154116137e-06,6.828369350841967e-06,6.965654392843135e-06,6.100503469497198e-06,True,True,True,True,True,True,M1.0,1.030165e-05,2023-03-01T01:07:00.000,11.0,1.7485383523307974e-06,True
655,7365,202303010143,730907160.0,True,4.328658633312443e-06,3.452737473708112e-06,3.492962150630774e-06,2.9624095532199135e-06,False,False,False,False,False,True,C9.4,9.410009e-06,2023-03-01T01:47:00.000,4.0,5.193019205762539e-06,True
657,7368,202303010412,730916220.0,True,3.272931962783332e-06,2.798267814796418e-06,2.8446220312616788e-06,2.492783778507146e-06,False,False,False,False,False,True,C6.3,6.3530806e-06,2023-03-01T04:19:00.000,7.0,1.7991958429774968e-06,False
659,7380,202303021204,731030940.0,True,2.6070167677971767e-06,2.324765546291019e-06,2.3036507172946585e-06,2.2111637463240186e-06,False,False,False,False,False,True,C6.5,6.5356735e-06,2023-03-02T12:10:00.000,6.0,2.278365172969643e-06,False
660,7381,202303022059,731063220.0,False,3.857907358906232e-05,3.602221477194689e-05,3.8367888919310644e-05,3.184762317687273e-05,True,True,True,True,True,True,M3.8,3.8553135e-05,2023-03-02T21:16:00.000,17.0,1.87394141448749e-06,True
661,7383,202303031008,731110440.0,False,2.6448300559422933e-05,2.095418494718615e-05,2.9598215405712835e-05,2.4741546440054663e-05,True,True,True,True,True,True,,3.2988202e-05,2023-03-03T10:32:00.000,24.0,3.346443918417208e-06,True
662,7387,202303031739,731137620.0,False,0.00015838899707887322,0.00012191239511594176,0.00012087682262063026,0.0001051708240993321,True,True,True,True,True,True,,0.00020714976,2023-03-03T17:52:00.000,13.0,1.8069310954160756e-06,True
663,7392,202303040706,731185800.0,True,4.0852787606127094e-06,3.833302798739169e-06,5.350721039576456e-06,4.141347289987607e-06,False,False,False,True,False,True,M1.0,1.0475689e-05,2023-03-04T07:10:00.000,4.0,2.661107146195718e-06,False
664,7393,202303040721,731185800.0,True,4.0852787606127094e-06,3.833302798739169e-06,5.350721039576456e-06,4.141347289987607e-06,False,False,False,True,False,True,C5.6,5.627317e-06,2023-03-04T07:26:00.000,5.0,3.5261548418930033e-06,False
665,7394,202303040813,731190120.0,True,4.706031177192926e-06,4.395179985294817e-06,4.4657517719315365e-06,4.158318915870041e-06,False,False,False,False,False,True,C6.7,6.7511337e-06,2023-03-04T08:24:00.000,11.0,2.767587375274161e-06,False
666,7397,202303041334,731209200.0,True,5.839273399033118e-06,4.840792826144025e-06,4.817369244847214e-06,4.355013061285717e-06,False,True,False,False,False,True,M1.2,1.2194286e-05,2023-03-04T13:42:00.000,8.0,4.170803094893927e-06,True
668,7400,202303041519,731215440.0,False,2.831327037711162e-05,2.550967656134162e-05,3.059525624848902e-05,2.765120916592423e-05,True,True,True,True,True,True,M5.2,5.2677944e-05,2023-03-04T15:57:00.000,38.0,6.756806214980315e-06,True
669,7407,202303050240,731256540.0,False,1.0008499884861521e-05,8.683936357556377e-06,8.793400411377661e-06,7.902143806859385e-06,True,True,True,True,True,True,M1.3,1.3254513e-05,2023-03-05T02:52:00.000,12.0,2.035912075371016e-06,True
670,7411,202303051624,731306400.0,True,8.941791747929528e-06,8.63174136611633e-06,8.637003702460788e-06,8.535163033229765e-06,True,True,True,True,True,True,M1.0,1.0646669e-05,2023-03-05T16:41:00.000,17.0,3.6687542888103053e-06,True
672,7415,202303052129,731323860.0,False,3.107472730334848e-05,1.8799701138050295e-05,1.894320303108543e-05,1.2487060303101316e-05,True,True,True,True,True,True,M5.0,5.046095e-05,2023-03-05T21:36:00.000,7.0,2.2017432002030546e-06,True
673,7417,202303060208,731341080.0,False,5.810098082292825e-05,5.305879676598124e-05,5.810098082292825e-05,4.5748452976113185e-05,True,True,True,True,True,True,M5.8,5.8042177e-05,2023-03-06T02:28:00.000,20.0,1.5947982774378033e-06,True
674,7418,202303060857,731365500.0,False,1.2997491467103828e-05,1.201613758894382e-05,1.189147587865591e-05,1.1506159353302792e-05,True,True,True,True,True,True,M1.3,1.3161623e-05,2023-03-06T09:12:00.000,15.0,2.694436489036889e-06,True
675,7431,202303080953,731541660.0,False,1.2003890333289746e-05,1.1874867595906835e-05,1.2003890333289746e-05,1.172005522676045e-05,True,True,True,True,True,True,M1.1,1.1960694e-05,2023-03-08T10:12:00.000,19.0,1.4751419712411007e-06,True
676,7435,202303082235,731587320.0,False,7.507693226216361e-06,5.676234195561847e-06,5.780756055173697e-06,4.53517122878111e-06,True,True,True,True,False,True,M1.3,1.3581393e-05,2023-03-08T22:44:00.000,9.0,1.1529666608112166e-06,True
677,7474,202303170612,732306300.0,True,3.3395065202057594e-06,2.6846494165511103e-06,2.725689910221263e-06,2.3208713173517026e-06,False,False,False,False,False,True,C6.4,6.45458e-06,2023-03-17T06:26:00.000,14.0,8.469624503959494e-07,False
678,7478,202303171258,732330840.0,True,4.964027539244853e-06,4.8408337534056045e-06,5.084557869849959e-06,4.940819053445011e-06,False,False,False,True,False,True,C7.3,7.333649e-06,2023-03-17T13:14:00.000,16.0,2.6924044504994527e-06,False
679,7479,202303171504,732337560.0,True,4.050345069117611e-06,3.6641868064180017e-06,3.7103111480973894e-06,3.413514832573128e-06,False,False,False,False,False,True,M1.0,1.0898786e-05,2023-03-17T15:07:00.000,3.0,4.019701464130776e-06,False
680,7481,202303180710,732395640.0,True,1.896738922368968e-06,1.3602035551230074e-06,1.3236737004262977e-06,1.133896262217604e-06,False,False,False,False,False,True,C9.4,9.408525e-06,2023-03-18T07:16:00.000,6.0,1.122183107327146e-06,False
681,7489,202303191759,732521280.0,True,1.8506382275518263e-06,1.5947513247738243e-06,1.5933276245050365e-06,1.4595285620089271e-06,False,False,False,False,False,False,C4.9,4.947018e-06,2023-03-19T18:09:00.000,10.0,1.1158603001604206e-06,False
682,7496,202303211346,732678780.0,True,1.2341234878476826e-06,1.169451593341364e-06,1.1741444723156746e-06,1.1325312243570806e-06,False,False,False,False,False,False,C4.6,4.645692e-06,2023-03-21T13:54:00.000,8.0,1.0369776646257378e-06,False
683,7536,202303290218,733328940.0,False,7.876626477809623e-05,5.8152174460701644e-05,5.8520650782156736e-05,4.658526086132042e-05,True,True,True,True,True,True,X1.2,0.00012713997,2023-03-29T02:33:00.000,15.0,2.0662434963014675e-06,True
684,7537,202303291347,733370400.0,False,1.2052162674081046e-05,9.974360182241071e-06,1.0541542906139512e-05,8.179910764738452e-06,True,True,True,True,True,True,M1.2,1.26122995e-05,2023-03-29T14:07:00.000,20.0,1.0394384162282222e-06,True
685,7540,202303292335,733405440.0,False,8.456297109660227e-06,7.180948159657419e-06,7.4134741225861944e-06,6.209997536643641e-06,True,True,True,True,True,True,M1.1,1.1713036e-05,2023-03-29T23:47:00.000,12.0,7.883446073719824e-07,True
686,7541,202303300724,733433520.0,False,3.6940647987648845e-05,2.6472756871953607e-05,2.6820069251698442e-05,2.0751604097313248e-05,True,True,True,True,True,True,M5.4,5.4092467e-05,2023-03-30T07:37:00.000,13.0,1.3791124047202175e-06,True
687,7554,202303312039,733567920.0,False,8.037228326429613e-06,5.907961622142466e-06,6.033083082002122e-06,4.657852059608558e-06,True,True,True,True,False,True,C9.7,9.795794e-06,2023-03-31T20:57:00.000,18.0,1.0840636832654127e-06,True
688,7575,202304072324,734182380.0,True,5.166248683963204e-06,4.8641250032233074e-06,5.166248683963204e-06,4.381581220513908e-06,True,True,False,True,False,True,C5.8,5.8539254e-06,2023-04-07T23:34:00.000,10.0,1.015518364511081e-06,False
689,7576,202304080138,734190120.0,False,9.239457540388685e-06,5.834417606820352e-06,5.5801269809308e-06,4.448613708518678e-06,True,True,True,True,False,True,M2.9,2.90136e-05,2023-04-08T01:46:00.000,8.0,9.841750170380692e-07,True
690,7590,202304090551,734291940.0,False,9.103780030272901e-06,8.848865945765283e-06,9.103296179091558e-06,8.49169009597972e-06,True,True,True,True,True,True,C9.0,9.096509e-06,2023-04-09T06:08:00.000,17.0,1.1002980500052217e-06,True
692,7612,202304101346,734406600.0,True,2.6645150228432612e-06,2.3079546735971235e-06,2.411034074611962e-06,2.0174386463622795e-06,False,False,False,False,False,True,C6.0,6.0125963e-06,2023-04-10T13:51:00.000,5.0,1.4191296031640377e-06,False
693,7625,202304110259,734454240.0,False,3.4716329082584707e-06,2.7665037123369984e-06,2.8385911718942225e-06,2.3266704829438822e-06,False,False,False,False,False,True,C6.2,6.2990994e-06,2023-04-11T03:07:00.000,8.0,7.054432558106782e-07,False
694,7629,202304110951,734479800.0,False,1.2058744687237777e-05,8.594409337092657e-06,8.965663255366962e-06,6.352920081553748e-06,True,True,True,True,True,True,M1.3,1.3832549e-05,2023-04-11T10:16:00.000,25.0,9.993336789193563e-07,True
695,7631,202304112230,734524800.0,True,4.145776983932592e-06,3.8043988297431497e-06,3.859683602058794e-06,3.564987991921953e-06,False,False,False,False,False,True,C5.9,5.915507e-06,2023-04-11T22:42:00.000,12.0,7.337442866628408e-07,False
696,7634,202304121538,734586180.0,True,2.3086686269380152e-06,2.0144427708146395e-06,2.0323323042248376e-06,1.851297497523774e-06,False,False,False,False,False,True,C5.2,5.2330383e-06,2023-04-12T15:44:00.000,6.0,1.5462902638319065e-06,False
697,7648,202304131032,734654400.0,False,6.8101526267128065e-06,6.4235155150527135e-06,6.495518391602673e-06,6.28714042250067e-06,True,True,True,True,True,True,C8.4,8.474599e-06,2023-04-13T10:43:00.000,11.0,1.6611792261755909e-06,True
698,7649,202304131053,734654460.0,False,6.629614745179424e-06,6.313252470135922e-06,6.7497726377041545e-06,6.329515599645674e-06,True,True,True,True,True,True,C6.7,6.7461547e-06,2023-04-13T10:56:00.000,3.0,6.0829152062069625e-06,True
699,7655,202304141244,734748780.0,False,4.882572284259368e-06,4.4073622120777145e-06,4.45719160779845e-06,4.030464424431557e-06,False,False,False,False,False,True,C6.9,6.9908942e-06,2023-04-14T12:55:00.000,11.0,1.679476326899021e-06,False
700,7659,202304141610,734760900.0,False,6.957878667890327e-06,5.55643237021286e-06,5.70174188396777e-06,4.701234502135776e-06,True,True,True,True,False,True,M1.1,1.1182442e-05,2023-04-14T16:18:00.000,8.0,1.7642655620875303e-06,True
701,7664,202304142039,734777100.0,True,2.81322763839853e-06,2.5940723844541935e-06,3.984619524999289e-06,2.8201066015753895e-06,False,False,False,False,False,True,C6.2,6.272996e-06,2023-04-14T20:45:00.000,6.0,2.354351408939692e-06,False
702,7665,202304142057,734777100.0,True,2.81322763839853e-06,2.5940723844541935e-06,3.984619524999289e-06,2.8201066015753895e-06,False,False,False,False,False,True,C5.1,5.183297e-06,2023-04-14T21:01:00.000,4.0,2.411773948551854e-06,False
703,7666,202304142318,734786760.0,True,4.962282218912151e-06,4.111531325179385e-06,4.190002528048353e-06,3.607194230426103e-06,False,False,False,False,False,True,M1.5,1.5176338e-05,2023-04-14T23:27:00.000,9.0,2.2969304609432584e-06,False
704,7676,202304150905,734821980.0,True,2.7188536932953866e-06,2.452146190989879e-06,2.4865398700057995e-06,2.263575197503087e-06,False,False,False,False,False,True,C7.1,7.165243e-06,2023-04-15T09:14:00.000,9.0,2.7878909349965397e-06,False
705,7685,202304161731,734938560.0,False,9.105812750931364e-06,8.865583367878571e-06,8.940683073888067e-06,8.520046321791597e-06,True,True,True,True,True,True,C9.0,9.077529e-06,2023-04-16T17:44:00.000,13.0,1.4797350331718917e-06,True
706,7693,202304171417,735013800.0,True,4.368591817183187e-06,3.8143789424793795e-06,3.886235845129704e-06,3.4369597869954305e-06,False,False,False,False,False,True,C6.9,6.923453e-06,2023-04-17T14:31:00.000,14.0,1.71504916579579e-06,False
707,7750,202304271104,735865920.0,False,1.0177193871641066e-05,9.400368981005158e-06,9.621886420063674e-06,8.674777745909523e-06,True,True,True,True,True,True,M1.8,1.8762052e-05,2023-04-27T11:14:00.000,10.0,5.604559873972903e-07,True
708,7774,202304291000,736035060.0,False,8.610373697592877e-06,8.000567504495848e-06,8.093549695331603e-06,7.461507266270928e-06,True,True,True,True,True,True,C8.8,8.897762e-06,2023-04-29T10:17:00.000,17.0,1.368026232739794e-06,True
709,7782,202304300837,736116360.0,False,6.186570317368023e-06,5.504685759660788e-06,5.6118296924978495e-06,5.0478329285397194e-06,True,True,True,True,True,True,C7.4,7.4188993e-06,2023-04-30T08:49:00.000,12.0,1.2955744068676722e-06,True
710,7786,202304301956,736157400.0,False,2.143943311239127e-05,1.8764478227240033e-05,2.3374865122605115e-05,2.084805782942567e-05,True,True,True,True,True,True,M2.4,2.4421777e-05,2023-04-30T20:28:00.000,32.0,1.3345559182198485e-06,True
711,7789,202305010055,736175940.0,False,7.050713065837044e-06,6.376406872732332e-06,6.4806113186932635e-06,5.929460257902974e-06,True,True,True,True,True,True,M1.1,1.1705435e-05,2023-05-01T01:21:00.000,26.0,2.1632622519973665e-06,True
712,7798,202305011302,736218480.0,True,4.169852218183223e-06,3.3820451790234074e-06,3.3559090297785588e-06,3.0257642720243894e-06,False,False,False,False,False,True,M7.2,7.214944e-05,2023-05-01T13:09:00.000,7.0,1.415878728039388e-06,False
713,7800,202305011426,736223340.0,True,5.734764272347093e-06,4.714770966529613e-06,4.902857654087711e-06,3.980836936534615e-06,False,True,False,False,False,True,C7.4,7.4703757e-06,2023-05-01T14:30:00.000,4.0,2.1822684175276663e-06,True
715,7823,202305030725,736371060.0,False,9.491198397881817e-06,8.78756236488698e-06,8.942660315369722e-06,8.232909749494866e-06,True,True,True,True,True,True,,9.672684e-06,2023-05-03T07:37:00.000,12.0,3.2379903132095933e-06,True
716,7824,202305030915,736377720.0,False,3.2358846510760486e-05,2.2343663658830337e-05,2.2606935090152547e-05,1.7137283066404052e-05,True,True,True,True,True,True,,4.3429653e-05,2023-05-03T09:27:00.000,12.0,5.055836936662672e-06,True
717,7825,202305031003,736380600.0,False,1.7678483345662244e-05,1.3285181921673939e-05,1.334026728727622e-05,1.0981059858750086e-05,True,True,True,True,True,True,,3.157141e-05,2023-05-03T10:14:00.000,11.0,4.166180133324815e-06,True
718,7826,202305031036,736382400.0,False,3.776265657506883e-05,2.5049999749171548e-05,2.6439405701239593e-05,1.7472806575824507e-05,True,True,True,True,True,True,,7.3510855e-05,2023-05-03T10:45:00.000,9.0,8.7321695900755e-06,True
720,7828,202305031224,736389120.0,False,8.802355296211317e-06,6.17695513938088e-06,6.395431682904018e-06,4.6864724936313e-06,True,True,True,True,False,True,,1.8053775e-05,2023-05-03T12:35:00.000,11.0,2.3105862965167034e-06,True
721,7829,202305031343,736393620.0,False,7.560178346466273e-06,5.486246209329693e-06,5.679930836777203e-06,4.273181275493698e-06,True,True,True,True,False,True,,2.2348704e-05,2023-05-03T13:50:00.000,7.0,1.9257079202361638e-06,True
722,7839,202305040458,736448640.0,True,2.9034099497948773e-06,2.4392745672230376e-06,2.4422929527645465e-06,2.2129950139060384e-06,False,False,False,False,False,True,C5.2,5.2586006e-06,2023-05-04T05:04:00.000,6.0,1.5841942513361573e-06,False
723,7840,202305040805,736460520.0,False,2.861058419512119e-05,2.3869812139309943e-05,3.2537514925934374e-05,2.753365879470948e-05,True,True,True,True,True,True,M3.9,3.960402e-05,2023-05-04T08:44:00.000,39.0,1.5102469888006453e-06,True
724,7847,202305050652,736542120.0,False,7.742940397292841e-06,6.350790044962196e-06,6.518298505397979e-06,5.497262463904917e-06,True,True,True,True,True,True,C9.5,9.598363e-06,2023-05-05T07:06:00.000,14.0,1.2961645552422851e-06,True
725,7849,202305051518,736572480.0,False,8.088206413958687e-06,7.646062840649392e-06,8.07765536592342e-06,7.673325853829738e-06,True,True,True,True,True,True,M1.2,1.2356645e-05,2023-05-05T15:31:00.000,13.0,2.411691866655019e-06,True
726,7850,202305051539,736572480.0,False,8.088206413958687e-06,7.646062840649392e-06,8.07765536592342e-06,7.673325853829738e-06,True,True,True,True,True,True,C8.2,8.280663e-06,2023-05-05T15:47:00.000,8.0,7.400426966341911e-06,True
727,7851,202305052211,736597260.0,False,9.174660590360872e-06,7.816131073923316e-06,8.09046014182968e-06,6.795151421101764e-06,True,True,True,True,True,True,C9.7,9.76437e-06,2023-05-05T22:27:00.000,16.0,1.5927234926493838e-06,True
728,7855,202305061450,736657080.0,True,1.174756903310481e-06,1.0885229357882054e-06,1.076900161933736e-06,1.043106180986797e-06,False,False,False,False,False,False,C3.6,3.6203683e-06,2023-05-06T14:59:00.000,9.0,9.522505024506245e-07,False
729,7873,202305081410,736827540.0,True,2.6583993530948646e-06,2.1260175344650634e-06,2.151431999664055e-06,1.8447640286467504e-06,False,False,False,False,False,True,C9.6,9.649482e-06,2023-05-08T14:21:00.000,11.0,1.139645519288024e-06,False
730,7877,202305082011,736849200.0,False,1.8775488570099697e-05,1.4443349755310919e-05,1.4961356100684498e-05,1.1730193364201114e-05,True,True,True,True,True,True,M2.3,2.3156876e-05,2023-05-08T20:25:00.000,14.0,1.9065520291405846e-06,True
731,7882,202305090342,736876200.0,False,5.266357402433641e-05,4.333645847509615e-05,4.415406510815956e-05,3.728344745468348e-05,True,True,True,True,True,True,M6.5,6.574174e-05,2023-05-09T03:54:00.000,12.0,2.6750831239041872e-06,True
732,7883,202305090555,736884600.0,False,1.0375264537287876e-05,1.0042344001703896e-05,1.0375264537287876e-05,9.837994184636045e-06,True,True,True,True,True,True,M1.2,1.2617723e-05,2023-05-09T06:13:00.000,18.0,1.7292912843913655e-06,True
733,7886,202305091000,736899000.0,False,1.379724926664494e-05,1.349838112219004e-05,1.379724926664494e-05,1.3084390047879424e-05,True,True,True,True,True,True,M1.3,1.375337e-05,2023-05-09T10:20:00.000,20.0,1.7734088260112912e-06,True
734,7890,202305091358,736913040.0,True,2.8569090773089556e-06,2.593329327282845e-06,2.6193931716989027e-06,2.429098685752251e-06,False,False,False,False,False,True,C6.4,6.4327023e-06,2023-05-09T14:05:00.000,7.0,2.0595864498318406e-06,False
735,7893,202305091820,736928940.0,False,2.7862026399816386e-05,2.123104059137404e-05,3.071666287723929e-05,2.608110116852913e-05,True,True,True,True,True,True,M4.2,4.2909116e-05,2023-05-09T18:58:00.000,38.0,2.296494130860083e-06,True
736,7894,202305092032,736937040.0,False,5.023715493734926e-05,4.698782504419796e-05,4.869876283919439e-05,4.312191958888434e-05,True,True,True,True,True,True,M5.0,5.0188308e-05,2023-05-09T20:52:00.000,20.0,7.086528967192862e-06,True
737,7899,202305101411,737000160.0,False,1.8420620108372532e-05,1.6002684787963517e-05,1.616818190086633e-05,1.4395322068594396e-05,True,True,True,True,True,True,M2.2,2.2674185e-05,2023-05-10T14:21:00.000,10.0,1.9513204279064666e-06,True
738,7903,202305101922,737019180.0,True,4.569760221784236e-06,3.944689524360001e-06,4.051091309520416e-06,3.5006305552087724e-06,False,False,False,False,False,True,C5.8,5.8854744e-06,2023-05-10T19:35:00.000,13.0,1.30597925362963e-06,False
739,7911,202305110847,737067240.0,False,2.180666160711553e-05,1.836246701714117e-05,1.94053391169291e-05,1.534254442958627e-05,True,True,True,True,True,True,M2.1,2.1976146e-05,2023-05-11T09:01:00.000,14.0,1.1363989642632077e-06,True
740,7913,202305111353,737085600.0,True,4.062899279233534e-06,3.644450771389529e-06,3.7040449569758493e-06,3.400202331249602e-06,False,False,False,False,False,True,C6.2,6.292939e-06,2023-05-11T14:02:00.000,9.0,1.4525521692121401e-06,False
741,7914,202305111813,737101320.0,False,1.8485268810763955e-05,1.4792910405958537e-05,1.551321111037396e-05,1.2225515092723072e-05,True,True,True,True,True,True,M1.8,1.8860357e-05,2023-05-11T18:29:00.000,16.0,1.630505266803084e-06,True
742,7928,202305131016,737245620.0,True,1.7139446981673245e-06,1.488872840127442e-06,1.5109350215425366e-06,1.3535260450225906e-06,False,False,False,False,False,False,C4.9,4.99527e-06,2023-05-13T10:27:00.000,11.0,1.1942258879571455e-06,False
743,7941,202305140907,737327760.0,True,3.335825113026658e-06,2.3814102405594895e-06,2.402954578428762e-06,1.8778109733830206e-06,False,False,False,False,False,True,C7.0,7.018067e-06,2023-05-14T09:17:00.000,10.0,9.84186158348166e-07,False
744,7953,202305161631,737526960.0,False,9.166765084955841e-05,7.104605174390599e-05,7.494671444874257e-05,5.6460456107743084e-05,True,True,True,True,True,True,M9.6,9.619491e-05,2023-05-16T16:43:00.000,12.0,9.978554089684621e-07,True
745,7960,202305171834,737620920.0,False,4.488796548685059e-06,3.980348537879763e-06,4.100555543118389e-06,3.5603707146947272e-06,False,False,False,False,False,True,C6.2,6.27618e-06,2023-05-17T18:44:00.000,10.0,1.6007837757570087e-06,False
746,7962,202305172138,737631840.0,False,7.534175438195234e-06,6.699816822219873e-06,6.743659469066188e-06,6.2227804846770596e-06,True,True,True,True,True,True,C9.5,9.592983e-06,2023-05-17T21:48:00.000,10.0,1.9232127215218497e-06,True
747,7966,202305180613,737662980.0,False,7.985130650922656e-06,6.965849024709314e-06,7.134945917641744e-06,6.216094789124327e-06,True,True,True,True,True,True,M1.0,1.02287395e-05,2023-05-18T06:26:00.000,13.0,1.3830280067850254e-06,True
748,7967,202305180648,737664780.0,False,8.130700734909624e-06,6.877683972561499e-06,6.896586455695797e-06,6.216471319930861e-06,True,True,True,True,True,True,M1.2,1.2864894e-05,2023-05-18T06:55:00.000,7.0,3.5404520986048738e-06,True
750,7969,202305181013,737677140.0,True,6.346236204990419e-06,5.5650111789873336e-06,5.769335530203534e-06,4.949997673975304e-06,True,True,True,True,False,True,C9.6,9.6661615e-06,2023-05-18T10:20:00.000,7.0,5.1231804718554486e-06,True
752,7972,202305181132,737681940.0,False,2.248085911560338e-05,2.056185076071415e-05,2.0785872038686648e-05,1.910726132337004e-05,True,True,True,True,True,True,M2.2,2.2462342e-05,2023-05-18T11:47:00.000,15.0,3.434528025536565e-06,True
753,7974,202305181239,737685840.0,False,1.5972831533872522e-05,1.438040635548532e-05,1.4735438526258804e-05,1.3090832908346783e-05,True,True,True,True,True,True,M1.6,1.6856608e-05,2023-05-18T12:49:00.000,10.0,1.1399127288314048e-05,True
755,7977,202305181732,737703840.0,False,1.089597753889393e-05,9.62796275416622e-06,9.991134902520571e-06,8.512307431374211e-06,True,True,True,True,True,True,M1.1,1.11368645e-05,2023-05-18T17:51:00.000,19.0,2.439749323457363e-06,True
756,7978,202305182012,737713260.0,False,3.6250450648367405e-05,3.275384733569808e-05,3.6250450648367405e-05,3.33017815137282e-05,True,True,True,True,True,True,M3.8,3.8580103e-05,2023-05-18T20:23:00.000,11.0,1.9564529338822467e-06,True
757,7979,202305182051,737715240.0,False,4.506245386437513e-05,4.4252927182242274e-05,4.506245386437513e-05,4.39951109001413e-05,True,True,True,True,True,True,M4.5,4.5044293e-05,2023-05-18T21:05:00.000,14.0,2.3203550881589763e-05,True
758,7981,202305190041,737728980.0,False,3.430342985666357e-05,2.511723869247362e-05,2.527185461076442e-05,2.0118348402320407e-05,True,True,True,True,True,True,M5.3,5.3876247e-05,2023-05-19T00:48:00.000,7.0,3.417004791117506e-06,True
759,7982,202305190248,737736900.0,False,1.2549428902275395e-05,7.0222745307546575e-06,1.561989301990252e-05,1.0419092177471612e-05,True,True,True,True,True,True,C6.9,6.9527678e-06,2023-05-19T02:58:00.000,10.0,1.9040761571886833e-06,False
760,7983,202305190305,737736900.0,False,1.2549428902275395e-05,7.0222745307546575e-06,1.561989301990252e-05,1.0419092177471612e-05,True,True,True,True,True,True,M1.6,1.6180951e-05,2023-05-19T03:12:00.000,7.0,4.724151494883699e-06,True
762,7985,202305190449,737744160.0,False,1.972763129742816e-05,1.6495358067913912e-05,1.6930160199990496e-05,1.4343240763992071e-05,True,True,True,True,True,True,M2.5,2.5415915e-05,2023-05-19T05:00:00.000,11.0,2.5274866857216693e-06,True
763,7997,202305191905,737795580.0,True,3.256963054809603e-06,2.7812118332803948e-06,2.8869060315628303e-06,2.4638200102344854e-06,False,False,False,False,False,True,C5.1,5.1933603e-06,2023-05-19T19:14:00.000,9.0,1.505918703514908e-06,False
765,7999,202305191945,737797860.0,False,2.0373821826069616e-05,1.762696774676442e-05,2.32495858654147e-05,1.9846271243295632e-05,True,True,True,True,True,True,M2.3,2.3233073e-05,2023-05-19T20:06:00.000,21.0,3.252462647651555e-06,True
766,8000,202305192014,737798580.0,False,1.8461738363839686e-05,1.7544558431836776e-05,1.9059407350141555e-05,1.7922384358826093e-05,True,True,True,True,True,True,M2.7,2.7547767e-05,2023-05-19T20:26:00.000,12.0,1.686366886133328e-05,True
768,8007,202305200436,737829840.0,True,6.446788574976381e-06,4.942314717482077e-06,5.210700237512356e-06,3.911258318112232e-06,True,True,False,True,False,True,C6.9,6.9658945e-06,2023-05-20T04:50:00.000,14.0,1.9851408978865948e-06,True
769,8009,202305200649,737837640.0,False,1.0727707376645412e-05,9.880167453957256e-06,1.0150713023904245e-05,9.097543625102844e-06,True,True,True,True,True,True,M1.0,1.0716228e-05,2023-05-20T07:02:00.000,13.0,3.7123145375517197e-06,True
770,8010,202305200716,737839260.0,False,6.497895810753107e-05,5.0011847633868456e-05,6.497895810753107e-05,4.781468669534661e-05,True,True,True,True,True,True,M6.4,6.4969834e-05,2023-05-20T07:32:00.000,16.0,5.454151050798828e-06,True
771,8012,202305201048,737851860.0,False,1.4817835108260624e-05,1.4445657143369317e-05,1.4817835108260624e-05,1.3693234905076679e-05,True,True,True,True,True,True,M1.6,1.6341868e-05,2023-05-20T10:54:00.000,6.0,3.5097116324322997e-06,True
772,8013,202305201225,737857860.0,False,4.134948903811164e-05,3.0309121939353645e-05,3.1059211323736235e-05,2.4311273591592908e-05,True,True,True,True,True,True,M8.9,8.964781e-05,2023-05-20T12:35:00.000,10.0,2.924611180787906e-06,True
773,8014,202305201418,737864520.0,False,5.748850071540801e-06,5.057278031017631e-06,5.110839538247092e-06,4.698788416135358e-06,True,True,True,True,False,True,C7.2,7.2204584e-06,2023-05-20T14:25:00.000,7.0,3.189422841387568e-06,True
774,8015,202305201454,737866620.0,False,2.172622953366954e-05,1.7643380488152616e-05,1.7714566638460383e-05,1.5447674741153605e-05,True,True,True,True,True,True,M5.6,5.6766745e-05,2023-05-20T15:00:00.000,6.0,4.528964836936211e-06,True
776,8022,202305201857,737881260.0,True,7.447181360475952e-06,6.228930942597799e-06,6.4264031607308425e-06,5.394233539846027e-06,True,True,True,True,True,True,M1.1,1.1807726e-05,2023-05-20T19:03:00.000,6.0,6.520319402625319e-06,True
777,8027,202305202252,737895600.0,False,5.107987090013921e-05,4.883154178969562e-05,5.107987090013921e-05,4.618736056727357e-05,True,True,True,True,True,True,M5.1,5.1961484e-05,2023-05-20T23:06:00.000,14.0,2.3838931610953296e-06,True
778,8029,202305210218,737907660.0,False,9.87314160738606e-06,8.132116818160284e-06,8.41818837216124e-06,6.99457450537011e-06,True,True,True,True,True,True,M1.4,1.414231e-05,2023-05-21T02:23:00.000,5.0,1.8651005575520685e-06,True
779,8038,202305211549,737956620.0,False,2.562024019425735e-05,2.3604879970662296e-05,2.4361899704672396e-05,2.168680657632649e-05,True,True,True,True,True,True,M2.6,2.6035319e-05,2023-05-21T16:04:00.000,15.0,2.403907274128869e-06,True
780,8041,202305220055,737989380.0,False,7.3609603532531764e-06,6.400918209692463e-06,6.620978183491388e-06,5.604270427284064e-06,True,True,True,True,True,True,,8.256927e-06,2023-05-22T01:08:00.000,13.0,1.9248589069320587e-06,True
781,8047,202305221319,738034020.0,True,1.952992897713557e-05,1.7486503566033207e-05,1.952992897713557e-05,1.5215452549455222e-05,True,True,True,True,True,True,,7.2561156e-06,2023-05-22T13:27:00.000,8.0,1.8015454088526894e-06,True
782,8048,202305221330,738034020.0,True,1.952992897713557e-05,1.7486503566033207e-05,1.952992897713557e-05,1.5215452549455222e-05,True,True,True,True,True,False,,3.4671034e-06,2023-05-22T13:31:00.000,1.0,3.4308925478399033e-06,True
783,8049,202305221410,738036780.0,True,3.0259700452006655e-06,2.7070220767200226e-06,2.7069224870501785e-06,2.5325796286779223e-06,False,False,False,False,False,True,,6.4024352e-06,2023-05-22T14:14:00.000,4.0,2.067235755021102e-06,False
785,8057,202305231207,738115740.0,False,5.897422397538321e-06,4.740198619401781e-06,4.705629635282094e-06,4.162727691436885e-06,False,True,False,False,False,True,M3.0,3.093681e-05,2023-05-23T12:13:00.000,6.0,2.8453271170292282e-06,True
786,8059,202305231434,738124560.0,True,2.1398407170636347e-06,2.079106479868642e-06,2.084805828417302e-06,2.038436150542111e-06,False,False,False,False,False,True,C6.9,6.906171e-06,2023-05-23T14:36:00.000,2.0,1.8136358903575456e-06,False
787,8070,202305240951,738194220.0,False,5.772415534011088e-06,5.553811206482351e-06,5.679690275428584e-06,5.300425527821062e-06,True,True,True,True,True,True,M1.0,1.0213806e-05,2023-05-24T09:58:00.000,7.0,1.3539838619180955e-06,False
788,8071,202305241024,738195960.0,True,2.6018103653768776e-06,2.3096260974853067e-06,2.3430582132277777e-06,2.1252578790154075e-06,False,False,False,False,False,True,C6.6,6.640679e-06,2023-05-24T10:26:00.000,2.0,3.145177515762043e-06,False
789,8074,202305241704,738220440.0,False,1.907481055241078e-05,1.8528369764680974e-05,1.907481055241078e-05,1.7909002053784207e-05,True,True,True,True,True,True,M1.8,1.8525629e-05,2023-05-24T17:21:00.000,17.0,1.7006934740493307e-06,True
790,8082,202305250435,738262140.0,True,1.740431684993382e-06,1.6658835875205114e-06,1.740431684993382e-06,1.6880898101589992e-06,False,False,False,False,False,False,C3.7,3.7462848e-06,2023-05-25T04:43:00.000,8.0,9.623059895602637e-07,False
792,8094,202305251437,738297720.0,False,9.202756700688042e-06,6.199383733473951e-06,6.562138423760189e-06,4.325836926000193e-06,True,True,True,True,False,True,M1.1,1.1876113e-05,2023-05-25T14:46:00.000,9.0,1.458340193494223e-06,True
793,8107,202305262235,738412680.0,False,7.919734343886375e-06,5.9161775425309315e-06,9.511233656667173e-06,7.188143626990495e-06,True,True,True,True,True,True,C6.9,6.9851144e-06,2023-05-26T22:43:00.000,8.0,9.933871751854895e-07,False
794,8108,202305262248,738412680.0,False,7.919734343886375e-06,5.9161775425309315e-06,9.511233656667173e-06,7.188143626990495e-06,True,True,True,True,True,True,M1.3,1.3762226e-05,2023-05-26T23:03:00.000,15.0,4.805894604942296e-06,True
795,8109,202305270432,738434040.0,True,2.322972250112798e-06,1.5255997141139233e-06,1.4894344531057868e-06,1.1744108405764564e-06,False,False,False,False,False,True,C8.4,8.474115e-06,2023-05-27T04:35:00.000,3.0,1.0140446420336957e-06,False
796,8120,202305281021,738541980.0,False,8.776580216363072e-06,8.20222976471996e-06,8.429280569544062e-06,7.656142770429142e-06,True,True,True,True,True,True,M1.0,1.0142524e-05,2023-05-28T10:36:00.000,15.0,9.000503382594616e-07,True
797,8130,202305291811,738656400.0,True,6.613292498514056e-06,5.372639407141833e-06,5.97763801124529e-06,4.489084858505521e-06,True,True,True,True,False,True,C6.1,6.147065e-06,2023-05-29T18:20:00.000,9.0,1.653181470828713e-06,False
798,8131,202305291825,738656400.0,True,6.613292498514056e-06,5.372639407141833e-06,5.97763801124529e-06,4.229696514812531e-06,True,True,True,True,False,True,C6.5,6.561271e-06,2023-05-29T18:29:00.000,4.0,3.975790150434477e-06,False
799,8133,202305300009,738677940.0,True,2.6568829980533337e-06,2.6148411507165292e-06,2.6568829980533337e-06,2.608253225844237e-06,False,False,False,False,False,False,C4.5,4.5566635e-06,2023-05-30T00:20:00.000,11.0,1.1152231991218287e-06,False
800,8136,202305300754,738705840.0,False,1.1423775504226796e-05,9.193516234518029e-06,9.59490625973558e-06,7.5269522312737536e-06,True,True,True,True,True,True,M1.2,1.2381007e-05,2023-05-30T08:10:00.000,16.0,1.0437655646455823e-06,True
801,8137,202305301015,738713940.0,False,7.556921900686575e-06,5.8891096159641165e-06,6.178896910569165e-06,4.746247668663273e-06,True,True,True,True,False,True,M1.3,1.3681116e-05,2023-05-30T10:22:00.000,7.0,1.3192722008170676e-06,True
802,8138,202305301335,738725880.0,True,2.996518560394179e-06,2.6261830043949885e-06,2.5820847895374754e-06,2.5192450721078785e-06,False,False,False,False,False,True,M1.4,1.49036505e-05,2023-05-30T13:38:00.000,3.0,1.714651830297953e-06,False
804,8140,202305301643,738737100.0,False,5.339262315828819e-06,-1666.5,4.734358753921697e-06,-1666.5,False,True,False,False,False,True,C6.0,6.090118e-06,2023-05-30T16:50:00.000,7.0,3.699504759424599e-06,False
805,8143,202305310159,738770820.0,True,5.278265234665014e-06,4.644774890039116e-06,4.7523803914373275e-06,4.1837415665213484e-06,False,True,False,False,False,True,C7.5,7.5071102e-06,2023-05-31T02:09:00.000,10.0,2.9193629416113254e-06,True
806,8145,202305310424,738779520.0,False,1.0729463610914536e-05,8.829526450426783e-06,1.0671553354768548e-05,8.929678187996615e-06,True,True,True,True,True,True,M1.3,1.31739325e-05,2023-05-31T04:38:00.000,14.0,3.0948456242185785e-06,True
807,8152,202305311223,738807900.0,True,2.6949858238367597e-06,2.613289325381629e-06,2.7824341941595776e-06,2.6730101581051713e-06,False,False,False,False,False,True,M1.0,1.0494938e-05,2023-05-31T12:26:00.000,3.0,2.47702928390936e-06,False
808,8160,202305311953,738835500.0,False,9.066140592040028e-06,8.60028467286611e-06,8.773895388003439e-06,8.158895980159286e-06,True,True,True,True,True,True,C9.6,9.63824e-06,2023-05-31T20:10:00.000,17.0,1.7224614339284017e-06,True
809,8161,202305312040,738837840.0,False,6.475801910710288e-06,6.312740879366174e-06,6.4342934820160735e-06,6.013890470057959e-06,True,True,True,True,True,True,C6.8,6.8467148e-06,2023-05-31T20:48:00.000,8.0,3.076621396758128e-06,True
811,8163,202305312214,738843420.0,False,2.1731841115979478e-05,1.9566245100577362e-05,2.322707950952463e-05,2.12412796827266e-05,True,True,True,True,True,True,M4.2,4.2883014e-05,2023-05-31T22:52:00.000,38.0,1.0163995284528937e-05,True
812,8168,202306011113,738890520.0,True,5.559892088058405e-06,5.002018497179961e-06,5.078933554614196e-06,4.610307314578677e-06,True,True,True,True,False,True,C6.5,6.506121e-06,2023-06-01T11:25:00.000,12.0,2.0461641270230757e-06,True
813,8174,202306020232,738945600.0,True,3.6265485050535062e-06,2.8330389341135742e-06,2.8740766992996214e-06,2.3981219783308916e-06,False,False,False,False,False,True,M1.5,1.5376632e-05,2023-06-02T02:41:00.000,9.0,1.8093062408297556e-06,False
814,8189,202306040332,739122000.0,False,8.89940929482691e-06,8.2562683019205e-06,8.685989087098278e-06,7.533068128395826e-06,True,True,True,True,True,True,C8.8,8.85739e-06,2023-06-04T03:45:00.000,13.0,2.1035214103903854e-06,True
816,8207,202306061855,739349880.0,True,3.695891336974455e-06,3.18699221679708e-06,3.231885102650267e-06,2.8777492389053805e-06,False,False,False,False,False,True,C7.5,7.5030603e-06,2023-06-06T19:00:00.000,5.0,1.7507902612123871e-06,False
817,8211,202306071118,739409340.0,False,4.240990892867558e-05,3.745387584785931e-05,4.584170164889656e-05,4.1897616029018536e-05,True,True,True,True,True,True,M4.7,4.721715e-05,2023-06-07T11:46:00.000,28.0,1.8554034113549278e-06,True
818,8213,202306071825,739434480.0,True,9.096957910514902e-06,8.177458767022472e-06,8.448373591818381e-06,7.459395419573411e-06,True,True,True,True,True,True,C8.7,8.7854305e-06,2023-06-07T18:29:00.000,4.0,1.1571692084544338e-06,True
819,8217,202306080443,739472100.0,False,6.008465334161883e-06,5.277207037579501e-06,5.3765088523505256e-06,4.77651792607503e-06,True,True,True,True,False,True,C7.3,7.316787e-06,2023-06-08T04:59:00.000,16.0,1.242591110894864e-06,True
820,8225,202306091648,739601940.0,False,2.5060300686163828e-05,2.407786996627692e-05,2.5060300686163828e-05,2.445648169668857e-05,True,True,True,True,True,True,M2.5,2.5048885e-05,2023-06-09T17:11:00.000,23.0,1.3503940863301978e-06,True
822,8251,202306122316,739884360.0,True,3.939178895961959e-06,3.4411432352499105e-06,3.5428154205874307e-06,3.062133146158885e-06,False,False,False,False,False,True,C5.1,5.177381e-06,2023-06-12T23:27:00.000,11.0,1.6761161987233208e-06,False
824,8256,202306131730,739949880.0,True,2.4477983515680535e-06,1.855152163443563e-06,1.8369300960330293e-06,1.5850411045903456e-06,False,False,False,False,False,True,C6.3,6.356464e-06,2023-06-13T17:38:00.000,8.0,1.1250131137785502e-06,False
825,8271,202306150313,740070960.0,False,3.7389222597994376e-06,3.04051809507655e-06,3.179632358296658e-06,2.531815653128433e-06,False,False,False,False,False,True,C6.0,6.0104435e-06,2023-06-15T03:17:00.000,4.0,1.2660250376939075e-06,False
826,8277,202306160521,740165220.0,False,8.486773367621936e-06,7.080314389895648e-06,7.499318144255085e-06,5.8268110478820745e-06,True,True,True,True,True,True,M1.0,1.0388327e-05,2023-06-16T05:30:00.000,9.0,1.7562226730660768e-06,True
827,8280,202306161020,740183340.0,False,1.0837212357728276e-05,1.0572807696007658e-05,1.0718067642301321e-05,1.0247105819871649e-05,True,True,True,True,True,True,M1.0,1.0824913e-05,2023-06-16T10:38:00.000,18.0,1.3397917655311176e-06,True
828,8283,202306161952,740217540.0,True,5.241763574304059e-06,4.496502697293181e-06,4.602233730111038e-06,3.962929895351408e-06,False,True,False,False,False,True,M1.0,1.0530164e-05,2023-06-16T19:59:00.000,7.0,1.3182213933760067e-06,True
830,8290,202306180025,740320200.0,False,7.6287719821266364e-06,5.524746939045144e-06,5.765528385381913e-06,4.215412445773836e-06,True,True,True,True,False,True,M1.3,1.3264054e-05,2023-06-18T00:31:00.000,6.0,1.8303122715224163e-06,True
831,8294,202306181325,740367300.0,False,2.349272654100787e-05,2.1530291633098386e-05,2.4738361389609054e-05,2.30793230002746e-05,True,True,True,True,True,True,M2.5,2.521706e-05,2023-06-18T13:53:00.000,28.0,2.0941297407262027e-06,True
832,8298,202306190337,740418420.0,False,1.1551976058399305e-05,6.6719935603032354e-06,7.0018991209508386e-06,4.0807885852700565e-06,True,True,True,True,False,True,M1.4,1.4781652e-05,2023-06-19T03:50:00.000,13.0,2.1070241018605884e-06,True
834,8302,202306191206,740448540.0,False,4.928667294734623e-06,2.9261175313877175e-06,2.7149799279868603e-06,2.1667633518518414e-06,False,False,False,False,False,True,M1.1,1.1881611e-05,2023-06-19T12:14:00.000,8.0,1.7879020788313937e-06,False
835,8310,202306200447,740508840.0,True,4.0294125938089564e-06,3.7299680570868077e-06,3.753662667804747e-06,3.536661324687884e-06,False,False,False,False,False,True,C5.9,5.980359e-06,2023-06-20T04:54:00.000,7.0,1.587070187270001e-06,False
837,8313,202306201117,740532120.0,False,1.6791174857644364e-05,1.4712437405250967e-05,1.5252385310304817e-05,1.300485382671468e-05,True,True,True,True,True,True,M1.8,1.8353629e-05,2023-06-20T11:25:00.000,8.0,9.336295988759957e-06,True
838,8314,202306201211,740535480.0,False,5.722110927308677e-06,4.8373653953603934e-06,4.994492883270141e-06,4.211108262097696e-06,False,True,False,False,False,True,C7.8,7.858166e-06,2023-06-20T12:20:00.000,9.0,2.9257639653224032e-06,True
840,8318,202306201400,740541960.0,True,4.150939275859855e-06,4.000203716714168e-06,4.085924956598319e-06,3.7134559534024447e-06,False,False,False,False,False,True,C7.8,7.875032e-06,2023-06-20T14:07:00.000,7.0,3.174619450874161e-06,False
841,8319,202306201436,740544000.0,True,3.2081200060929405e-06,2.9583477498817956e-06,2.967788987007225e-06,2.8011465929012047e-06,False,False,False,False,False,False,C4.9,4.9841515e-06,2023-06-20T14:41:00.000,5.0,2.0066011074959533e-06,False
842,8320,202306201523,740547060.0,False,7.208572242234368e-06,6.551810656674206e-06,8.206157872336917e-06,7.046042355796089e-06,True,True,True,True,True,True,C6.9,6.9572966e-06,2023-06-20T15:34:00.000,11.0,2.548393467804999e-06,True
843,8321,202306201537,740547060.0,False,7.208572242234368e-06,6.551810656674206e-06,8.206157872336917e-06,7.046042355796089e-06,True,True,True,True,True,True,C7.1,7.144887e-06,2023-06-20T15:42:00.000,5.0,5.507342393684667e-06,True
844,8322,202306201544,740547120.0,True,7.208572242234368e-06,6.674902124359505e-06,9.61927344178548e-06,7.540090791735565e-06,True,True,True,True,True,True,M1.0,1.0267754e-05,2023-06-20T15:48:00.000,4.0,6.455843504227232e-06,True
845,8327,202306211231,740623200.0,False,1.0102578926307615e-05,8.651745702081826e-06,8.968037946033292e-06,7.492033546441235e-06,True,True,True,True,True,True,M1.1,1.1692912e-05,2023-06-21T12:44:00.000,13.0,2.581774651844171e-06,True
846,8328,202306211531,740633820.0,True,2.8826507332269102e-06,2.3461477667297004e-06,2.3225722998176934e-06,2.092169779643882e-06,False,False,False,False,False,True,M1.0,1.0018185e-05,2023-06-21T15:38:00.000,7.0,1.5678609770475305e-06,False
847,8332,202306220102,740668140.0,True,2.4672510789969238e-06,2.1271637251629727e-06,2.1150651718926383e-06,1.9837941636069445e-06,False,False,False,False,False,True,,6.2449913e-06,2023-06-22T01:10:00.000,8.0,1.6254807633231394e-06,False
848,8338,202306222329,740748960.0,False,4.897257167613134e-05,4.506563345785253e-05,4.670720227295533e-05,4.084604370291345e-05,True,True,True,True,True,True,,4.8958158e-05,2023-06-22T23:44:00.000,15.0,1.698014784778934e-06,True
849,8354,202306241211,740880900.0,True,5.0766066124197096e-06,2.7672670057654614e-06,2.5169626951537794e-06,1.9019668116015964e-06,False,True,False,False,False,True,M1.1,1.1348791e-05,2023-06-24T12:17:00.000,6.0,1.2300620255700778e-06,False
850,8369,202306251203,740967360.0,True,6.323712113953661e-06,5.615504505840363e-06,5.915145266044419e-06,4.906794401904335e-06,True,True,True,True,False,True,C8.5,8.536581e-06,2023-06-25T12:18:00.000,15.0,1.0936444141407264e-06,True
851,8375,202306252156,741002340.0,False,3.916758032573853e-06,2.8871129416074837e-06,2.912845729952096e-06,2.350247314097942e-06,False,False,False,False,False,True,C6.8,6.819953e-06,2023-06-25T22:02:00.000,6.0,2.26890665544488e-06,False
852,8381,202306260349,741023940.0,False,7.105456006684108e-06,6.892400051583536e-06,7.105456006684108e-06,6.570537607331062e-06,True,True,True,True,True,True,C7.0,7.0857272e-06,2023-06-26T04:02:00.000,13.0,1.071817791853391e-06,True
853,8387,202306261608,741068280.0,False,1.231016813107999e-05,1.1707786143233534e-05,1.2237106602697168e-05,1.0765531442302745e-05,True,True,True,True,True,True,M1.6,1.6185244e-05,2023-06-26T16:22:00.000,14.0,1.0866743878068519e-06,True
854,8397,202306271457,741150720.0,False,9.85757742455462e-06,9.023933671414852e-06,9.85757742455462e-06,9.42672249948373e-06,True,True,True,True,True,True,M1.2,1.27224985e-05,2023-06-27T15:14:00.000,17.0,1.1527077958817245e-06,True
855,8398,202306271519,741150720.0,False,9.85757742455462e-06,9.023933671414852e-06,9.85757742455462e-06,9.42672249948373e-06,True,True,True,True,True,True,C9.7,9.774067e-06,2023-06-27T15:25:00.000,6.0,7.709685633017216e-06,True
856,8415,202306280826,741213420.0,False,1.9654255083878525e-05,1.730641997710336e-05,1.7963495338335633e-05,1.5314852134906687e-05,True,True,True,True,True,True,M1.9,1.9683825e-05,2023-06-28T08:44:00.000,18.0,1.0286685210303403e-06,True
857,8418,202306281833,741249540.0,True,2.2067790723667713e-06,2.0299964944570092e-06,2.057061692539719e-06,1.9124095160805155e-06,False,False,False,False,False,True,C5.4,5.4659577e-06,2023-06-28T18:39:00.000,6.0,1.3825011819790234e-06,False
858,8428,202306291400,741319800.0,False,3.102983100689016e-05,2.3198714188765734e-05,2.4394990759901702e-05,1.8181126506533474e-05,True,True,True,True,True,True,M3.8,3.8475413e-05,2023-06-29T14:15:00.000,15.0,1.4409681625693338e-06,True
859,8448,202307012207,741521880.0,False,9.6494468380115e-06,7.385155640804442e-06,7.654044566152152e-06,5.847817647008924e-06,True,True,True,True,True,True,M1.1,1.1100878e-05,2023-07-01T22:23:00.000,16.0,1.7268789633817505e-06,True
860,8449,202307020229,741537180.0,True,4.5366177801042795e-06,3.1283398129744455e-06,2.9997315778018674e-06,2.6613172394718276e-06,False,False,False,False,False,True,M2.0,2.0928293e-05,2023-07-02T02:35:00.000,6.0,1.6993215012917062e-06,False
861,8450,202307020246,741537240.0,True,3.606509380915668e-06,2.808393219311256e-06,2.8749739158229204e-06,2.640524826347246e-06,False,False,False,False,False,False,C4.1,4.1611993e-06,2023-07-02T02:56:00.000,10.0,2.5672095489426283e-06,False
862,8452,202307020817,741558120.0,True,4.813252417079639e-06,4.489758794079535e-06,4.541929229162633e-06,4.225102657073876e-06,False,False,False,False,False,True,C6.5,6.592995e-06,2023-07-02T08:24:00.000,7.0,2.30143018598028e-06,False
863,8453,202307020845,741559740.0,False,5.737261744798161e-06,4.742960300063714e-06,4.808247922483133e-06,4.1521311686665285e-06,False,True,False,False,False,True,C8.8,8.864488e-06,2023-07-02T08:53:00.000,8.0,3.608424549383926e-06,True
864,8458,202307022119,741605100.0,True,4.187763352092588e-06,3.2606203603791073e-06,3.226986564186518e-06,2.7786093141912716e-06,False,False,False,False,False,True,C7.3,7.376426e-06,2023-07-02T21:26:00.000,7.0,1.927918447108823e-06,False
865,8460,202307022254,741610920.0,False,0.00010650405602063984,0.00010197389201493934,0.00010650405602063984,0.00010470781853655353,True,True,True,True,True,True,X1.0,0.000106504056,2023-07-02T23:14:00.000,20.0,3.424190708756214e-06,True
867,8465,202307030643,741639000.0,False,7.108671070454875e-06,6.2354097281058785e-06,6.1537530200439505e-06,5.905718353460543e-06,True,True,True,True,True,True,M1.3,1.37658635e-05,2023-07-03T06:53:00.000,10.0,1.7516745174361859e-06,True
868,8483,202307041220,741745560.0,False,1.485976008552825e-05,1.447436534363078e-05,1.4768583241675515e-05,1.3926092833571602e-05,True,True,True,True,True,True,M1.4,1.4824998e-05,2023-07-04T12:35:00.000,15.0,1.594911168467661e-06,True
869,8487,202307042121,741778320.0,True,3.917328740499215e-06,3.714449803737807e-06,3.7728730148955947e-06,3.680917643578141e-06,False,False,False,False,False,True,C5.2,5.254765e-06,2023-07-04T21:33:00.000,12.0,1.8310430505152908e-06,False
870,8494,202307051033,741825780.0,True,3.925809778593248e-06,3.633831283877953e-06,4.767482096212916e-06,3.8013079119991744e-06,False,False,False,False,False,True,C7.5,7.589649e-06,2023-07-05T10:43:00.000,10.0,2.3658517420699354e-06,False
871,8495,202307051055,741825780.0,True,3.925809778593248e-06,3.633831283877953e-06,4.767482096212916e-06,3.8013079119991744e-06,False,False,False,False,False,True,C8.2,8.244185e-06,2023-07-05T11:00:00.000,5.0,3.262416612415109e-06,False
872,8497,202307051540,741844140.0,True,3.699299213621998e-06,3.5934606330556562e-06,3.644186563178664e-06,3.544061655702535e-06,False,False,False,False,False,True,C6.2,6.243432e-06,2023-07-05T15:50:00.000,10.0,1.8767941583064385e-06,False
874,8505,202307060436,741890520.0,False,6.5495869421283714e-06,5.3683143050875515e-06,5.5129539759946056e-06,4.609745246852981e-06,True,True,True,True,False,True,C8.9,8.930686e-06,2023-07-06T04:45:00.000,9.0,2.3325751499214675e-06,True
875,8509,202307061032,741912120.0,False,1.0560402188275475e-05,1.0128093890671153e-05,1.0252086212858558e-05,9.715326996229123e-06,True,True,True,True,True,True,M1.0,1.0635524e-05,2023-07-06T10:49:00.000,17.0,3.3527487630635733e-06,True
877,8513,202307070617,741983160.0,False,2.670727189979516e-05,2.1004017980885692e-05,2.1674342860933393e-05,1.7241545720025897e-05,True,True,True,True,True,True,M4.0,4.0558723e-05,2023-07-07T06:29:00.000,12.0,1.5650247178200516e-06,True
878,8531,202307092310,742216740.0,True,4.346005425759358e-06,3.986001956945984e-06,4.248209279467119e-06,3.929226750187809e-06,False,False,False,False,False,True,C6.9,6.9066928e-06,2023-07-09T23:20:00.000,10.0,2.3796803816367174e-06,False
879,8532,202307092331,742216740.0,True,4.346005425759358e-06,3.986001956945984e-06,4.248209279467119e-06,3.929226750187809e-06,False,False,False,False,False,True,C6.6,6.637392e-06,2023-07-09T23:39:00.000,8.0,3.7149984564166516e-06,True
880,8536,202307100149,742226220.0,True,4.719569460576167e-06,4.463597633730387e-06,4.531589183898177e-06,4.239383997628465e-06,False,False,False,False,False,True,C9.3,9.36338e-06,2023-07-10T01:58:00.000,9.0,3.083125648117857e-06,False
881,8537,202307100329,742232460.0,False,2.3597958715981804e-05,2.2525753593072295e-05,2.3652253730688244e-05,2.3205320758279413e-05,True,True,True,True,True,True,M2.3,2.3619104e-05,2023-07-10T03:55:00.000,26.0,3.288388825239963e-06,True
882,8547,202307102206,742299180.0,False,1.341614915872924e-05,1.1351939065207262e-05,1.1657853974611498e-05,9.845851309364662e-06,True,True,True,True,True,True,M1.4,1.4950536e-05,2023-07-10T22:18:00.000,12.0,2.426583932901849e-06,True
884,8549,202307110210,742313580.0,True,3.6553926747728838e-06,3.37724236487702e-06,3.4433171549608232e-06,3.1754850624565734e-06,False,False,False,False,False,True,C8.1,8.100688e-06,2023-07-11T02:14:00.000,4.0,2.4237933757831343e-06,False
885,8556,202307111419,742357680.0,False,1.9388953660381958e-05,1.668598997639492e-05,1.7204212781507522e-05,1.463203807361424e-05,True,True,True,True,True,True,M2.0,2.000503e-05,2023-07-11T14:35:00.000,16.0,4.160297066846397e-06,True
886,8557,202307111602,742363800.0,True,1.1218691724934615e-05,1.0722921615524683e-05,1.086256088456139e-05,1.0348456271458417e-05,True,True,True,True,True,True,M1.1,1.1661189e-05,2023-07-11T16:12:00.000,10.0,6.754993137292331e-06,True
887,8558,202307111751,742370220.0,False,6.829782796557993e-05,6.50335059617646e-05,6.829782796557993e-05,6.272478640312329e-05,True,True,True,True,True,True,M6.8,6.8270085e-05,2023-07-11T18:08:00.000,17.0,4.9003529056790285e-06,True
888,8559,202307111920,742375620.0,True,9.672915439296048e-06,9.193267942464445e-06,9.2470063464134e-06,8.878288099367637e-06,True,True,True,True,True,True,M1.0,1.0930924e-05,2023-07-11T19:29:00.000,9.0,7.261911832756596e-06,True
889,8560,202307112204,742385520.0,False,3.550638211891055e-05,3.1322400900535285e-05,3.236384145566262e-05,2.799093817884568e-05,True,True,True,True,True,True,M5.8,5.8560527e-05,2023-07-11T22:15:00.000,11.0,5.808088644698728e-06,True
890,8561,202307112334,742390560.0,False,9.803445209399797e-06,9.438113920623437e-06,9.447263437323272e-06,9.193771802529227e-06,True,True,True,True,True,True,M1.2,1.25155875e-05,2023-07-11T23:37:00.000,3.0,7.334211204579333e-06,True
891,8562,202307120021,742393800.0,True,1.1182906746398658e-05,9.565493201080244e-06,9.691839295555837e-06,8.589056051278021e-06,True,True,True,True,True,True,M1.4,1.47925675e-05,2023-07-12T00:31:00.000,10.0,7.029618245724123e-06,True
892,8564,202307120431,742408860.0,False,1.3604962987301406e-05,1.2527071703516413e-05,1.323156448052032e-05,1.1194607395736966e-05,True,True,True,True,True,True,M1.3,1.3423998e-05,2023-07-12T04:45:00.000,14.0,4.001661181973759e-06,True
893,8565,202307120510,742410720.0,True,1.079266075976193e-05,9.431114449398592e-06,9.602194040780887e-06,8.429122317465954e-06,True,True,True,True,True,True,M1.3,1.3514397e-05,2023-07-12T05:14:00.000,4.0,5.976358806947246e-06,True
896,8569,202307120849,742423860.0,False,3.368440593476407e-05,1.949555917235557e-05,1.90827722690301e-05,1.2972860531590413e-05,True,True,True,True,True,True,M6.9,6.971211e-05,2023-07-12T08:55:00.000,6.0,5.4383472161134705e-06,True
897,8570,202307121023,742429680.0,True,4.611091753758956e-06,4.083073690708261e-06,4.077849098393926e-06,3.807575012615416e-06,False,False,False,False,False,True,C9.1,9.168557e-06,2023-07-12T10:29:00.000,6.0,4.705408628069563e-06,False
898,8578,202307130032,742480800.0,True,3.9614301385881845e-06,3.847389507427579e-06,4.709216227638535e-06,3.999734417448053e-06,False,False,False,False,False,True,C7.5,7.582988e-06,2023-07-13T00:42:00.000,10.0,2.6593297661747783e-06,False
899,8579,202307130052,742480800.0,True,3.9614301385881845e-06,3.847389507427579e-06,4.709216227638535e-06,3.999734417448053e-06,False,False,False,False,False,True,C8.0,8.063147e-06,2023-07-13T00:58:00.000,6.0,3.743449497051188e-06,False
900,8583,202307130505,742497000.0,True,9.3928492788109e-06,6.918825874890899e-06,9.3928492788109e-06,6.8189565354259685e-06,True,True,True,True,True,True,C7.7,7.7484365e-06,2023-07-13T05:11:00.000,6.0,2.9290579277585493e-06,True
901,8587,202307131222,742523340.0,False,9.721195056044962e-06,9.62698868534062e-06,9.756015060702339e-06,9.710512131277937e-06,True,True,True,True,True,True,C9.7,9.73576e-06,2023-07-13T12:44:00.000,22.0,3.93272102883202e-06,True
902,8590,202307131855,742547520.0,False,2.1245457901386544e-05,2.0334166038082913e-05,2.0817475160583854e-05,1.921819603012409e-05,True,True,True,True,True,True,M2.1,2.1225631e-05,2023-07-13T19:20:00.000,25.0,5.624520326819038e-06,True
904,8592,202307132238,742560300.0,False,4.965863354300382e-06,4.577919298753841e-06,4.533770606940379e-06,4.4087641981604975e-06,False,False,False,False,False,True,C6.9,6.9729444e-06,2023-07-13T22:48:00.000,10.0,2.661369762790855e-06,False
905,8593,202307140026,742566600.0,True,2.6178638563578716e-06,2.4989215035020607e-06,2.4858129563654074e-06,2.4216362817242043e-06,False,False,False,False,False,True,C5.8,5.8715764e-06,2023-07-14T00:31:00.000,5.0,2.429596634101472e-06,False
907,8595,202307140922,742599120.0,False,9.892482012219261e-06,8.826372322801035e-06,9.285691703553312e-06,7.813367119524628e-06,True,True,True,True,True,True,M1.0,1.03628645e-05,2023-07-14T09:36:00.000,14.0,2.6038478608825244e-06,True
908,8606,202307150721,742678200.0,False,2.933331961685326e-05,2.883598062908277e-05,2.933331961685326e-05,2.864083398890216e-05,True,True,True,True,True,True,M2.9,2.9322193e-05,2023-07-15T07:41:00.000,20.0,1.8803413013301906e-06,True
909,8608,202307150943,742686660.0,False,3.6859642023046035e-06,2.87911348095804e-06,2.8716488031932386e-06,2.531167183406069e-06,False,False,False,False,False,True,M1.0,1.0685298e-05,2023-07-15T09:53:00.000,10.0,1.6915715832510614e-06,False
910,8609,202307151005,742686780.0,True,2.8716488031932386e-06,2.531167183406069e-06,7.277707936736988e-06,3.3429221275582677e-06,False,False,False,True,False,True,M2.2,2.2109876e-05,2023-07-15T10:10:00.000,5.0,2.5604908842069563e-06,False
911,8611,202307151950,742723140.0,True,1.8321323977943393e-06,1.5819567806829582e-06,1.5359156577687827e-06,1.5101853705346002e-06,False,False,False,False,False,True,C8.8,8.80597e-06,2023-07-15T20:01:00.000,11.0,1.3565265817305772e-06,False
912,8620,202307160816,742767840.0,True,3.408242264413275e-06,2.596468902993365e-06,4.2308997763029765e-06,3.2873158488655463e-06,False,False,False,False,False,True,M1.0,1.0906236e-05,2023-07-16T08:26:00.000,10.0,1.7621274537304998e-06,False
913,8621,202307160831,742767840.0,True,3.408242264413275e-06,2.596468902993365e-06,4.2308997763029765e-06,3.2873158488655463e-06,False,False,False,False,False,False,C4.7,4.7706894e-06,2023-07-16T08:41:00.000,10.0,1.9624774267867906e-06,False
914,8626,202307161457,742792020.0,True,2.2168349005369237e-06,1.8973449869008618e-06,1.8723025050348951e-06,1.724382286738546e-06,False,False,False,False,False,True,M1.7,1.7931845e-05,2023-07-16T15:08:00.000,11.0,1.4538511550199473e-06,False
915,8627,202307161707,742799880.0,True,2.789101245070924e-06,2.40941199081135e-06,2.488020072632935e-06,2.179592001994024e-06,False,False,False,False,False,True,C5.7,5.721621e-06,2023-07-16T17:19:00.000,12.0,1.4797652738707257e-06,False
916,8628,202307161736,742801200.0,False,4.023569272249006e-05,3.659505091491155e-05,3.795134762185626e-05,3.285407365183346e-05,True,True,True,True,True,True,M4.0,4.0221756e-05,2023-07-16T17:46:00.000,10.0,1.9007078435606672e-06,True
917,8650,202307172204,742903680.0,False,3.387219067008118e-06,2.994397391375969e-06,2.973657046823064e-06,2.833776079569361e-06,False,False,False,False,False,True,,5.9608096e-06,2023-07-17T22:11:00.000,7.0,1.4430743249249645e-06,False
918,8651,202307172223,742905060.0,True,5.938501544733299e-06,5.1737365538429e-06,1.0233216926280875e-05,6.455548373196507e-06,True,True,True,True,True,True,,7.467525e-06,2023-07-17T22:32:00.000,9.0,3.0270223305706168e-06,True
919,8652,202307172241,742905060.0,True,5.938501544733299e-06,5.1737365538429e-06,1.0233216926280875e-05,6.455548373196507e-06,True,True,True,True,True,True,,2.7232702e-05,2023-07-17T22:54:00.000,13.0,4.955857093591476e-06,True
920,8653,202307172317,742908000.0,False,5.0089605792891234e-05,4.8268779210047796e-05,5.012128531234339e-05,4.973530303686857e-05,True,True,True,True,True,True,,5.0118208e-05,2023-07-17T23:34:00.000,17.0,7.1213817136595026e-06,True
921,8654,202307172337,742908300.0,False,5.012128531234339e-05,4.951005757902749e-05,4.98126755701378e-05,4.930043360218406e-05,True,True,True,True,True,True,M5.7,5.72082e-05,2023-07-18T00:06:00.000,29.0,4.889050615020096e-05,True
922,8656,202307180645,742935120.0,False,1.0646611372067127e-05,7.950399776746053e-06,7.970708793436643e-06,6.6132674874097575e-06,True,True,True,True,True,True,M1.5,1.5264264e-05,2023-07-18T06:56:00.000,11.0,4.349275968706934e-06,True
924,8666,202307182016,742983600.0,False,2.152549132006243e-05,1.9824670744128525e-05,2.0466590285650454e-05,1.8105249182553962e-05,True,True,True,True,True,True,M2.1,2.1471305e-05,2023-07-18T20:27:00.000,11.0,1.1797750630648807e-05,True
925,8667,202307182236,742992180.0,True,3.7108877677383134e-06,3.2721920888434397e-06,3.351902705617249e-06,3.154550313411164e-06,False,False,False,False,False,True,C8.5,8.577989e-06,2023-07-18T22:44:00.000,8.0,2.65748394667753e-06,False
926,8674,202307191049,743035980.0,False,7.646158337593079e-06,4.854899543715874e-06,4.842054295295384e-06,3.6216886201145826e-06,False,True,False,False,False,True,M1.4,1.4046566e-05,2023-07-19T10:57:00.000,8.0,1.909859292936744e-06,False
927,8680,202307191704,743058720.0,False,3.813013609033078e-05,3.629852653830312e-05,3.813013609033078e-05,3.7558969779638574e-05,True,True,True,True,True,True,M3.8,3.8070546e-05,2023-07-19T17:25:00.000,21.0,1.9858559880958637e-06,True
928,8687,202307201940,743154420.0,False,4.299987267586403e-06,3.311783757453668e-06,3.3198107303178404e-06,2.7870726171386195e-06,False,False,False,False,False,True,C9.7,9.704376e-06,2023-07-20T19:49:00.000,9.0,1.4127491567705874e-06,False
929,8692,202307220312,743268360.0,False,3.191235373378731e-05,3.1427538488060236e-05,3.191235373378731e-05,3.0776482162764296e-05,True,True,True,True,True,True,M3.1,3.191189e-05,2023-07-22T03:37:00.000,25.0,1.3650288792632637e-06,True
930,8697,202307230442,743359920.0,True,4.986285603081342e-06,4.1400271584279835e-06,4.207216079521459e-06,3.635234861576464e-06,False,False,False,False,False,True,C9.9,9.94631e-06,2023-07-23T04:54:00.000,12.0,1.5125992831599433e-06,False
931,8715,202307252108,743591580.0,False,1.1029394045181107e-05,9.710710401122924e-06,9.888907698041294e-06,8.899845852283761e-06,True,True,True,True,True,True,,1.657066e-05,2023-07-25T21:16:00.000,8.0,3.3901544611580903e-06,True
932,8719,202307260353,743616060.0,False,9.292849426856264e-06,8.925605470722076e-06,9.292849426856264e-06,8.830081242194865e-06,True,True,True,True,True,True,C9.2,9.292812e-06,2023-07-26T04:11:00.000,18.0,1.916502014864818e-06,True
933,8720,202307260421,743617440.0,False,9.719246918393765e-06,8.091495146800298e-06,8.22798756416887e-06,7.093193289620103e-06,True,True,True,True,True,True,M1.2,1.2478365e-05,2023-07-26T04:28:00.000,7.0,7.732067388133146e-06,True
934,8725,202307261017,743639400.0,False,4.5496683014789596e-05,3.8729722291463986e-05,4.039003397338092e-05,3.324831050122157e-05,True,True,True,True,True,True,M4.6,4.633325e-05,2023-07-26T10:37:00.000,20.0,1.9427354800427565e-06,True
935,8728,202307261516,743656860.0,True,5.645094461215194e-06,5.054283519712044e-06,5.088391390017932e-06,4.731233730126405e-06,True,True,True,True,False,True,C7.9,7.983477e-06,2023-07-26T15:24:00.000,8.0,1.9378676370251924e-06,True
936,8729,202307261550,743658960.0,False,1.4516967894451227e-05,1.2153832358308136e-05,1.2266755220480263e-05,1.100411554944003e-05,True,True,True,True,True,True,M2.0,2.0603446e-05,2023-07-26T15:59:00.000,9.0,3.8381826925615314e-06,True
937,8730,202307262246,743684280.0,False,6.875220606161747e-06,5.931183750362834e-06,6.0327602113829926e-06,5.318614057614468e-06,True,True,True,True,True,True,C9.2,9.2134405e-06,2023-07-26T23:01:00.000,15.0,2.0961404061381472e-06,True
938,8738,202307270724,743715000.0,True,2.6186717150267214e-06,2.2551896563527407e-06,2.2284118585957913e-06,2.1113664843142033e-06,False,False,False,False,False,True,C5.6,5.6598547e-06,2023-07-27T07:31:00.000,7.0,2.0800989659619518e-06,False
939,8739,202307270927,743722860.0,True,1.9870014511980116e-05,1.817823067540303e-05,1.9870014511980116e-05,1.658798828430008e-05,True,True,True,True,True,True,C9.1,9.159327e-06,2023-07-27T09:42:00.000,15.0,1.9151823380525457e-06,True
940,8740,202307270944,743722860.0,True,1.9870014511980116e-05,1.817823067540303e-05,1.9870014511980116e-05,1.658798828430008e-05,True,True,True,True,True,True,M1.9,1.9847486e-05,2023-07-27T09:51:00.000,7.0,6.678316367469961e-06,True
941,8744,202307271344,743737680.0,True,2.25366579797992e-06,1.9713086203410057e-06,1.9819228782580467e-06,1.834163867897587e-06,False,False,False,False,False,True,C5.1,5.1097927e-06,2023-07-27T13:49:00.000,5.0,1.7162651602120604e-06,False
942,8747,202307272204,743768160.0,False,1.672615144343581e-05,1.6428512026323006e-05,1.7123596990131773e-05,1.6691121345502324e-05,True,True,True,True,True,True,M1.7,1.752843e-05,2023-07-27T22:34:00.000,30.0,5.040947144152597e-06,True
943,8749,202307280626,743797800.0,False,4.442164936335757e-06,3.457000957496348e-06,3.524521389408619e-06,2.9021430236753076e-06,False,False,False,False,False,True,C6.7,6.762637e-06,2023-07-28T06:34:00.000,8.0,1.6775619542386266e-06,False
944,8754,202307281444,743827800.0,True,7.326439117605332e-06,6.546413715113886e-06,6.924080935277743e-06,5.664319814968621e-06,True,True,True,True,True,True,C7.8,7.823887e-06,2023-07-28T14:51:00.000,7.0,2.2583187728741905e-06,True
945,8755,202307281539,743831100.0,False,4.111761518288404e-05,4.025163434562273e-05,4.111761518288404e-05,4.083608291693963e-05,True,True,True,True,True,True,M4.1,4.1089203e-05,2023-07-28T15:58:00.000,19.0,1.5393284229503479e-06,True
946,8760,202307291018,743898480.0,False,9.241434781870339e-06,8.903371963242535e-06,9.031849003804382e-06,8.522101779817604e-06,True,True,True,True,True,True,C9.2,9.208085e-06,2023-07-29T10:36:00.000,18.0,2.313441882506595e-06,True
947,8762,202307291611,743919540.0,False,1.3003662388655357e-05,1.1278619240329135e-05,1.1593072485993616e-05,1.006044931273209e-05,True,True,True,True,True,True,M1.4,1.4376925e-05,2023-07-29T16:24:00.000,13.0,2.413991978755803e-06,True
948,8767,202307300801,743976600.0,False,1.8662147340364754e-05,1.787224755389616e-05,1.8662147340364754e-05,1.7870326701086015e-05,True,True,True,True,True,True,M1.8,1.853159e-05,2023-07-30T08:14:00.000,13.0,1.5122615195650724e-06,True
949,8768,202307300818,743976600.0,False,1.8662147340364754e-05,1.787224755389616e-05,1.8662147340364754e-05,1.7870326701086015e-05,True,True,True,True,True,True,M1.8,1.8658828e-05,2023-07-30T08:22:00.000,4.0,1.6803645848995075e-05,True
950,8769,202307301307,743994900.0,True,1.7005176005113753e-06,1.590977603882493e-06,1.6159887081812485e-06,1.5097851928658201e-06,False,False,False,False,False,False,C4.0,4.0277705e-06,2023-07-30T13:16:00.000,9.0,1.281836148336879e-06,False
951,8774,202307310842,744065460.0,False,1.701660585240461e-05,1.653412437008228e-05,1.6937763575697318e-05,1.5749630620121025e-05,True,True,True,True,True,True,M1.6,1.6997466e-05,2023-07-31T09:00:00.000,18.0,3.9392048165609594e-06,True
953,8780,202308010138,744126360.0,False,1.020177296595648e-05,1.0017219210567418e-05,1.150201387645211e-05,1.0402653970231768e-05,True,True,True,True,True,True,M1.0,1.0174673e-05,2023-08-01T01:56:00.000,18.0,3.4648599012143677e-06,True
954,8781,202308010158,744126360.0,False,1.020177296595648e-05,1.0017219210567418e-05,1.150201387645211e-05,1.0402653970231768e-05,True,True,True,True,True,True,M1.2,1.26898085e-05,2023-08-01T02:03:00.000,5.0,9.934339686878957e-06,True
955,8782,202308010427,744136680.0,False,2.2125004761619493e-05,2.16423359233886e-05,2.1994594135321677e-05,2.116223367920611e-05,True,True,True,True,True,True,M2.2,2.2095008e-05,2023-08-01T04:47:00.000,20.0,3.620178631535964e-06,True
956,8783,202308010530,744140100.0,False,1.0303327144356444e-05,9.597230928193312e-06,9.479573236603756e-06,9.246414265362546e-06,True,True,True,True,True,True,M1.3,1.350789e-05,2023-08-01T05:37:00.000,7.0,8.845456250128336e-06,True
957,8784,202308010628,744143760.0,False,3.2462859962834045e-05,2.9634058591909707e-05,3.417723928578198e-05,3.2298128644470125e-05,True,True,True,True,True,True,M3.6,3.655864e-05,2023-08-01T06:57:00.000,29.0,4.130906745558605e-06,True
958,8785,202308010903,744152700.0,False,1.0283264600730035e-05,9.189848242385779e-06,9.153885912382975e-06,8.672624062455725e-06,True,True,True,True,True,True,M1.5,1.5707014e-05,2023-08-01T09:09:00.000,6.0,3.1264985409507062e-06,True
959,8788,202308011402,744170640.0,False,1.2277694622753188e-05,1.1437754437793046e-05,1.1456307220214512e-05,1.085073654394364e-05,True,True,True,True,True,True,M1.4,1.4365779e-05,2023-08-01T14:09:00.000,7.0,2.6741809051600285e-06,True
960,8790,202308012139,744198480.0,False,7.005758106970461e-06,5.914740086154779e-06,5.976175543764839e-06,5.209594746702351e-06,True,True,True,True,True,True,M1.0,1.0632244e-05,2023-08-01T21:51:00.000,12.0,3.149572648908361e-06,True
961,8791,202308020013,744207720.0,True,7.125634056137642e-06,6.978770670684753e-06,7.125634056137642e-06,6.839037723693764e-06,True,True,True,True,True,True,C7.8,7.861536e-06,2023-08-02T00:25:00.000,12.0,2.9682041713385843e-06,True
963,8795,202308020803,744235560.0,False,1.263573176402133e-05,1.1028259905287996e-05,1.1102167263743468e-05,9.937018148775678e-06,True,True,True,True,True,True,M1.3,1.3558652e-05,2023-08-02T08:12:00.000,9.0,5.0202202146465424e-06,True
964,8796,202308021044,744245280.0,False,4.831626029044855e-06,4.620416348188883e-06,4.7950215957826e-06,4.616329533746466e-06,False,False,False,False,False,True,M1.2,1.2436654e-05,2023-08-02T10:50:00.000,6.0,4.5031774789094925e-06,False
965,8797,202308021108,744247020.0,True,5.3303797358239535e-06,4.922498646919848e-06,4.986586645827629e-06,4.645102762879105e-06,False,True,False,False,False,True,C9.4,9.483614e-06,2023-08-02T11:17:00.000,9.0,4.199190698273014e-06,True
966,8798,202308021446,744259860.0,True,4.6491791181324515e-06,4.510724465944804e-06,4.553954113362124e-06,4.4177481868246105e-06,False,False,False,False,False,True,M1.7,1.7011036e-05,2023-08-02T14:52:00.000,6.0,3.050049144803779e-06,False
967,8799,202308021613,744265200.0,False,-9999.0,-9999.0,-9999.0,-9999.0,False,False,False,False,False,True,M1.3,1.344435e-05,2023-08-02T16:22:00.000,9.0,3.446242544669076e-06,False
968,8800,202308021909,744275520.0,False,9.765199138200842e-06,8.791656910034362e-06,8.880861059878953e-06,8.153278940881137e-06,True,True,True,True,True,True,M1.1,1.1452865e-05,2023-08-02T19:14:00.000,5.0,8.101893399725668e-06,True
969,8801,202308022107,744282900.0,False,7.17841976438649e-06,5.99122722633183e-06,6.179546744533582e-06,5.17076114192605e-06,True,True,True,True,True,True,C7.9,7.931677e-06,2023-08-02T21:20:00.000,13.0,2.52131326305971e-06,True
970,8814,202308031147,744335580.0,False,5.218135356699349e-06,4.0967174754769076e-06,4.335094672569539e-06,3.3196358799614245e-06,False,True,False,False,False,True,M2.0,2.0773798e-05,2023-08-03T11:55:00.000,8.0,2.120215413015103e-06,False
971,8822,202308032337,744378300.0,False,5.752356628363486e-06,4.480967163544847e-06,4.630785952031147e-06,3.6708777315652696e-06,False,True,False,False,False,True,C7.9,7.992349e-06,2023-08-03T23:49:00.000,12.0,1.5950215583870886e-06,True
972,8823,202308040059,744383340.0,True,2.808013732646941e-06,2.3808904643374262e-06,2.3917125417938223e-06,2.125874289049534e-06,False,False,False,False,False,False,C4.6,4.6402533e-06,2023-08-04T01:10:00.000,11.0,1.4823546052866732e-06,False
973,8825,202308040338,744393120.0,False,1.7291940821451135e-05,1.604937278898433e-05,1.8113889382220805e-05,1.7051626855391078e-05,True,True,True,True,True,True,M1.9,1.99301e-05,2023-08-04T04:24:00.000,46.0,2.060143287963001e-06,True
974,8832,202308050239,744475620.0,False,9.69237953540869e-06,9.334985406894702e-06,9.458986824029125e-06,8.9985651356983e-06,True,True,True,True,True,True,C9.7,9.7056445e-06,2023-08-05T02:54:00.000,15.0,3.0634953418484656e-06,True
975,8834,202308050923,744499680.0,False,2.1349636881495826e-05,2.0544035578495823e-05,2.0882174794678576e-05,1.9640616301330738e-05,True,True,True,True,True,True,M2.1,2.1335038e-05,2023-08-05T09:36:00.000,13.0,8.604027243563905e-06,True
976,8840,202308052145,744544560.0,False,9.718851651996374e-05,6.818020483478904e-05,0.00011822565284091979,9.059393050847575e-05,True,True,True,True,True,True,X1.6,0.00016174681,2023-08-05T22:21:00.000,36.0,3.121840563835576e-06,True
977,8843,202308061820,744618480.0,False,5.5097098083933815e-05,5.269115717965178e-05,5.5097098083933815e-05,5.350484570953995e-05,True,True,True,True,True,True,M5.5,5.507334e-05,2023-08-06T18:40:00.000,20.0,1.2049690667481627e-06,True
