,Flare_Number,Flare_ID,Trigger_Time,Max_FOXSI,Mean_FOXSI,Max_HiC,Mean_HiC,Max_FOXSI_C5,Mean_FOXSI_C5,Max_HiC_C5,Mean_HiC_C5,Flare_C5,Flare_Class,Flare_Max_Flux,Peak_Time,Start_to_Peak,Background_Flux
0,251.0,201704012131.0,544354920.0,6.28130801487714e-05,5.996950130793266e-05,6.0873069742228836e-05,5.9502159274416044e-05,True,True,True,True,True,M6.8,6.87118e-05,2017-04-01T21:48:00.000,17.0,9.480689868723857e-07
1,252.0,201704012259.0,544359720.0,1.8456490806784132e-06,1.6120969803523622e-06,1.6566965541642276e-06,1.4604105444959714e-06,False,False,False,False,True,C7.8,7.800008e-06,2017-04-01T23:03:00.000,4.0,1.0987513405780192e-06
2,257.0,201704020233.0,544373100.0,2.5123940758930985e-06,2.3481807147618383e-06,2.5123940758930985e-06,2.4702412702026777e-06,False,False,False,False,True,M1.2,1.2240209e-05,2017-04-02T02:46:00.000,13.0,6.917163091202383e-07
3,258.0,201704020251.0,544373100.0,2.5123940758930985e-06,2.3481807147618383e-06,2.5123940758930985e-06,2.4702412702026777e-06,False,False,False,False,False,C2.4,2.4316198e-06,2017-04-02T02:58:00.000,7.0,1.790348164831812e-06
4,261.0,201704020742.0,544391640.0,8.392012387048453e-05,7.722142618149519e-05,8.053233614191413e-05,6.925860361661762e-05,True,True,True,True,True,M8.3,8.383287e-05,2017-04-02T08:02:00.000,20.0,1.4673271380161168e-06
5,264.0,201704021250.0,544409760.0,3.033543544006534e-05,2.4820399630698375e-05,2.5404278858331963e-05,2.1394298528321087e-05,True,True,True,True,True,M3.6,3.6941372e-05,2017-04-02T13:00:00.000,10.0,9.497819064563373e-07
6,267.0,201704021814.0,544429800.0,3.362597999512218e-05,3.117238884442486e-05,3.2032487069955096e-05,2.917552956205327e-05,True,True,True,True,True,M3.3,3.3523487e-05,2017-04-02T18:38:00.000,24.0,1.9914496078854427e-06
7,268.0,201704021845.0,544429860.0,3.31824594468344e-05,3.015133370354306e-05,3.063830081373453e-05,2.8455020583351143e-05,True,True,True,True,True,M3.2,3.239735e-05,2017-04-02T18:52:00.000,7.0,2.7225098165217787e-05
8,269.0,201704022026.0,544436940.0,5.289891123538837e-05,3.232146264053881e-05,3.410673889447935e-05,2.0465789930312894e-05,True,True,True,True,True,M8.8,8.884683e-05,2017-04-02T20:33:00.000,7.0,5.601001703325892e-06
9,271.0,201704030050.0,544453140.0,1.78388218046166e-05,1.4318068679131102e-05,1.4731290320924018e-05,1.2068642718077172e-05,True,True,True,True,True,,1.9677913e-05,2017-04-03T01:05:00.000,15.0,2.783206355161383e-06
11,286.0,201704031317.0,544497660.0,6.420198587875348e-06,5.517299086932326e-06,5.5611903917451855e-06,5.020496701035881e-06,True,True,True,True,True,,1.147957e-05,2017-04-03T13:24:00.000,7.0,3.0725609576620627e-06
12,287.0,201704031417.0,544501380.0,7.655753142898902e-05,5.336824688129127e-05,5.615554618998431e-05,3.82042744604405e-05,True,True,True,True,True,,9.061434e-05,2017-04-03T14:28:00.000,11.0,5.51786024516332e-06
13,289.0,201704032005.0,544522320.0,4.257153705111705e-06,3.6418512081581866e-06,4.28960811404977e-06,3.699686885738629e-06,False,False,False,False,True,,7.823985e-06,2017-04-03T20:13:00.000,8.0,1.5227964240693836e-06
14,314.0,201704042329.0,544621200.0,1.963649765457376e-06,1.3977329444969655e-06,1.3606202173832571e-06,1.1551184115887736e-06,False,False,False,False,True,C7.6,7.6273077e-06,2017-04-04T23:42:00.000,13.0,6.815872666265932e-07
15,342.0,201704071942.0,544866480.0,1.80276788341871e-06,1.791215595403628e-06,1.80276788341871e-06,1.777899910848646e-06,False,False,False,False,True,C6.7,6.7087285e-06,2017-04-07T19:49:00.000,7.0,1.448794506586637e-07
17,534.0,201706010137.0,549553260.0,7.640626790816896e-06,5.9768462961073965e-06,6.359407507261494e-06,4.708204414782813e-06,True,True,True,False,True,M1.0,1.0207464e-05,2017-06-01T01:43:00.000,6.0,9.444300417271734e-07
18,567.0,201706021751.0,549698100.0,5.2572108870663214e-06,4.167033239355078e-06,4.416915544425137e-06,3.3419094052078435e-06,True,False,False,False,True,,1.24234975e-05,2017-06-02T17:57:00.000,6.0,1.9842894971588976e-07
20,700.0,201707031605.0,552370380.0,4.131315108679701e-06,3.767989028347074e-06,4.009551048511639e-06,3.7087138480274007e-06,False,False,False,False,True,M2.0,2.035344e-05,2017-07-03T16:15:00.000,10.0,9.326345775662048e-07
21,783.0,201707082344.0,552829980.0,8.241403293141047e-07,6.204150508892781e-07,6.22784909865004e-07,5.189696139495936e-07,False,False,False,False,True,C5.4,5.4071425e-06,2017-07-08T23:53:00.000,9.0,4.367742008071218e-07
23,788.0,201707090309.0,552842160.0,1.6172969480976462e-05,1.4732272575201932e-05,1.5338693629018962e-05,1.3662110177392606e-05,True,True,True,True,False,,4.794067e-07,2017-07-09T03:10:00.000,1.0,4.957967689733778e-07
25,842.0,201707132001.0,553248240.0,4.6406562432821374e-06,2.8008550998492865e-06,2.7392388801672496e-06,1.943466713782982e-06,False,False,False,False,True,M1.2,1.2766834e-05,2017-07-13T20:05:00.000,4.0,5.399061251409876e-07
27,846.0,201707132146.0,553254840.0,2.462147449477925e-06,1.8534225318944664e-06,1.9179785795131465e-06,1.4656503708465607e-06,False,False,False,False,True,C9.3,9.327229e-06,2017-07-13T21:55:00.000,9.0,4.949567937728716e-07
28,1062.0,201708200134.0,556465560.0,1.792889270291198e-05,1.5511983292526565e-05,1.607713602425065e-05,1.3525343092624098e-05,True,True,True,True,True,M1.8,1.8591947e-05,2017-08-20T01:52:00.000,18.0,8.63975401443895e-07
29,1073.0,201708201914.0,556529160.0,1.5205564523057546e-05,1.4824428944848478e-05,1.5205564523057546e-05,1.4781852769374382e-05,True,True,True,True,True,M1.5,1.50812675e-05,2017-08-20T19:39:00.000,25.0,9.522846653453598e-07
30,1113.0,201708250711.0,556918020.0,6.284200026129838e-06,5.906036676606163e-06,5.99093482378521e-06,5.56587610844872e-06,True,True,True,True,True,C8.6,8.625802e-06,2017-08-25T07:27:00.000,16.0,1.6715982553705544e-07
31,1139.0,201708271507.0,557118960.0,3.575218670448521e-06,2.306728902112809e-06,2.358537813051953e-06,1.649661612646014e-06,False,False,False,False,True,C9.7,9.706485e-06,2017-08-27T15:16:00.000,9.0,1.4872925646614021e-07
33,1252.0,201709041524.0,557810940.0,5.182714176044101e-06,4.595971404341981e-06,4.621759671863401e-06,4.270671979611507e-06,True,False,False,False,True,M2.3,2.3230836e-05,2017-09-04T15:30:00.000,6.0,4.618990715243854e-06
35,1259.0,201709041958.0,557827260.0,1.754737058945466e-05,1.6950381905189715e-05,1.7040585589711554e-05,1.6826643332024105e-05,True,True,True,True,True,M2.3,2.38496e-05,2017-09-04T20:02:00.000,4.0,1.6233463611570187e-05
36,1260.0,201709042022.0,557829000.0,5.1689657993847504e-05,5.024513302487321e-05,5.012029578210786e-05,4.961313970852643e-05,True,True,True,True,True,M8.4,8.48785e-05,2017-09-04T20:33:00.000,11.0,2.0442350432858802e-05
37,1261.0,201709042209.0,557835120.0,2.470596882631071e-05,2.247118936793413e-05,2.2477688617073e-05,2.1109573935973458e-05,True,True,True,True,True,M3.3,3.3068853e-05,2017-09-04T22:14:00.000,5.0,2.132465670001693e-05
38,1262.0,201709050030.0,557843580.0,1.1563871339603793e-05,9.99150415736949e-06,1.006256297841901e-05,9.144140676653478e-06,True,True,True,True,True,M1.5,1.5131646e-05,2017-09-05T00:35:00.000,5.0,8.573921149945818e-06
39,1263.0,201709050102.0,557845560.0,1.8671509678824805e-05,1.5606625311193056e-05,1.562149373057764e-05,1.3887353816244286e-05,True,True,True,True,True,M6.4,6.4639e-05,2017-09-05T01:08:00.000,6.0,6.535465217893943e-06
40,1267.0,201709050427.0,557858040.0,4.3661326344590634e-05,4.086860644747503e-05,4.60991905129049e-05,4.3179039494134486e-05,True,True,True,True,True,M5.0,5.033511e-05,2017-09-05T04:53:00.000,26.0,1.2416462595865596e-05
41,1268.0,201709050633.0,557865480.0,1.7466269127908163e-05,1.4449004083871841e-05,1.4497806660074275e-05,1.2941454770043492e-05,True,True,True,True,True,M5.8,5.8656748e-05,2017-09-05T06:40:00.000,7.0,5.138183951203246e-06
42,1269.0,201709051009.0,557878620.0,5.212582436797675e-06,4.553547569230432e-06,4.6025893425394315e-06,4.1786302062973846e-06,True,False,False,False,True,C8.4,8.409007e-06,2017-09-05T10:19:00.000,10.0,2.512065975679434e-06
43,1272.0,201709051323.0,557890200.0,9.694814252725337e-06,9.104581295105163e-06,9.27284600038547e-06,8.65353285917081e-06,True,True,True,True,True,M1.0,1.0749391e-05,2017-09-05T13:34:00.000,11.0,2.0131001292611472e-06
44,1274.0,201709051711.0,557903640.0,3.672238335639122e-06,3.228252580811386e-06,3.3154051379824523e-06,2.927905143224052e-06,False,False,False,False,True,C7.0,7.0940514e-06,2017-09-05T17:15:00.000,4.0,2.2975179945206037e-06
45,1275.0,201709051737.0,557905200.0,2.3710346795269288e-05,1.950166370079387e-05,2.000250606215559e-05,1.6833431800478138e-05,True,True,True,True,True,M3.5,3.581448e-05,2017-09-05T17:43:00.000,6.0,2.347313511563698e-06
46,1285.0,201709060852.0,557960400.0,0.0003223268431611359,0.0002863968547899276,0.0003223268431611359,0.00026627976330928504,True,True,True,True,True,X3.2,0.00032232684,2017-09-06T09:10:00.000,18.0,4.288362106308341e-06
47,1286.0,201709061152.0,557970840.0,0.0014662761241197586,0.0011968655744567513,0.0012494005495682359,0.0009945001220330596,True,True,True,True,True,X14.6,0.0014662761,2017-09-06T12:02:00.000,10.0,8.1222751759924e-06
48,1287.0,201709061551.0,557985180.0,3.231053415220231e-05,2.9440474463626742e-05,2.995690010720864e-05,2.732780012593139e-05,True,True,True,True,True,M4.0,4.027113e-05,2017-09-06T15:56:00.000,5.0,1.900242205010727e-05
49,1288.0,201709061917.0,557997780.0,2.173778739233967e-05,1.8144257410313003e-05,1.8759314116323367e-05,1.559015981911216e-05,True,True,True,True,True,M2.2,2.224219e-05,2017-09-06T19:30:00.000,13.0,9.099079761654139e-06
50,1290.0,201709062329.0,558012960.0,1.2395585144986399e-05,1.1759856533899438e-05,1.229087411047658e-05,1.0924185517069418e-05,True,True,True,True,True,M1.9,1.9441684e-05,2017-09-06T23:39:00.000,10.0,5.259671979729319e-06
51,1291.0,201709070459.0,558032460.0,1.6530757420696318e-05,1.276341481570853e-05,1.31743045130861e-05,1.0534746252233163e-05,True,True,True,True,True,M3.9,3.9022256e-05,2017-09-07T05:02:00.000,3.0,1.607341005183116e-06
53,1296.0,201709070948.0,558049980.0,5.249634341453202e-06,3.831192771031056e-06,3.811828719335608e-06,3.1872295949142426e-06,True,False,False,False,True,M2.3,2.3147917e-05,2017-09-07T09:54:00.000,6.0,2.0368747755128425e-06
54,1297.0,201709071014.0,558051240.0,1.283985602640314e-05,5.963494459138019e-06,4.918534614262171e-06,3.521693770380807e-06,True,True,False,False,True,X1.2,0.0001206636,2017-09-07T10:15:00.000,1.0,2.7608152777247597e-06
55,1302.0,201709071416.0,558066660.0,0.0001745078625390306,0.000143611992825754,0.00014574971282854676,0.00012711815361399204,True,True,True,True,True,X2.1,0.00021885491,2017-09-07T14:36:00.000,20.0,1.4748017065358e-06
57,1312.0,201709072313.0,558098100.0,2.5740760065673385e-06,2.261292365801637e-06,2.7872142709384207e-06,2.4693556497368263e-06,False,False,False,False,True,C6.5,6.5419504e-06,2017-09-07T23:15:00.000,2.0,2.1995135739416583e-06
58,1313.0,201709072350.0,558100380.0,5.854883056599647e-05,5.2402534493012354e-05,5.250630056252703e-05,4.880222331848927e-05,True,True,True,True,True,M6.0,6.0714683e-05,2017-09-07T23:59:00.000,9.0,2.150128466382739e-06
59,1314.0,201709080136.0,558106800.0,1.6353341152353096e-06,1.452241463084647e-06,1.441271933799726e-06,1.3932036608821363e-06,False,False,False,False,True,C8.3,8.309263e-06,2017-09-08T01:40:00.000,4.0,1.5506219597227755e-06
60,1315.0,201709080218.0,558109320.0,8.837822861096356e-06,7.206391728686867e-06,7.460294909833465e-06,5.986658379697474e-06,True,True,True,True,True,M2.0,2.0416051e-05,2017-09-08T02:24:00.000,6.0,1.365269667985558e-06
61,1316.0,201709080328.0,558114060.0,1.581212359269557e-06,1.5453713331226027e-06,1.5243488178384723e-06,1.5126302059798036e-06,False,False,False,False,False,C2.2,2.2697964e-06,2017-09-08T03:34:00.000,6.0,1.2053284308422008e-06
62,1317.0,201709080339.0,558114060.0,1.581212359269557e-06,1.5321884347940795e-06,1.5323776096920483e-06,1.4802471923758276e-06,False,False,False,False,True,M1.8,1.8659419e-05,2017-09-08T03:43:00.000,4.0,1.6727922229620162e-06
63,1318.0,201709080701.0,558126480.0,1.690505428086908e-06,1.5284908840840217e-06,2.009442823691643e-06,1.69373572589393e-06,False,False,False,False,True,C9.5,9.580157e-06,2017-09-08T07:08:00.000,7.0,1.201708073494956e-06
64,1319.0,201709080717.0,558126480.0,1.690505428086908e-06,1.5284908840840217e-06,2.009442823691643e-06,1.69373572589393e-06,False,False,False,False,False,C2.4,2.418737e-06,2017-09-08T07:28:00.000,11.0,1.4482419601336005e-06
65,1320.0,201709080739.0,558128700.0,9.225960093317553e-05,7.480603380827233e-05,7.705457392148674e-05,6.353799835778773e-05,True,True,True,True,True,X1.2,0.000126714,2017-09-08T07:49:00.000,10.0,1.3854731832907419e-06
66,1324.0,201709081204.0,558144780.0,1.247755108124693e-06,1.2268466207387974e-06,1.247755108124693e-06,1.2274375649212743e-06,False,False,False,False,True,C9.1,9.155272e-06,2017-09-08T12:13:00.000,9.0,1.3004211041334202e-06
67,1326.0,201709081503.0,558156180.0,2.6148207325604744e-05,2.547378244344145e-05,2.8026463041896932e-05,2.6473644538782537e-05,True,True,True,True,True,M4.6,4.6527322e-05,2017-09-08T15:47:00.000,44.0,1.5937616808514576e-06
69,1330.0,201709082330.0,558185940.0,3.1805437174625695e-05,2.7213958674110472e-05,2.8030697649228387e-05,2.378860517637804e-05,True,True,True,True,True,M3.3,3.346909e-05,2017-09-08T23:45:00.000,15.0,1.6863218661455903e-06
71,1333.0,201709090302.0,558198360.0,8.283805073006079e-06,7.930534593469929e-06,8.029581294977106e-06,7.5500070124689955e-06,True,True,True,True,True,C9.9,9.93355e-06,2017-09-09T03:09:00.000,7.0,1.959342171176104e-06
72,1335.0,201709090413.0,558203100.0,1.575256828800775e-05,1.4417900274565909e-05,1.471545056119794e-05,1.3316886906977743e-05,True,True,True,True,True,M1.7,1.7329297e-05,2017-09-09T04:28:00.000,15.0,3.815204763668589e-06
73,1339.0,201709091046.0,558226560.0,5.8908357459586114e-05,5.609156141872518e-05,5.6140135711757466e-05,5.207342837820761e-05,True,True,True,True,True,M5.8,5.8746886e-05,2017-09-09T11:04:00.000,18.0,1.914577069328516e-06
74,1340.0,201709091119.0,558228000.0,4.5375072659226134e-05,4.379594975034706e-05,4.453499423107132e-05,4.173865818302147e-05,True,True,True,True,True,M4.6,4.6260717e-05,2017-09-09T11:26:00.000,7.0,3.2813863072078675e-05
75,1360.0,201709101534.0,558330360.0,0.0009297550423070788,0.0005279940669424832,0.0011326477397233248,0.000815661798696965,True,True,True,True,True,X12.9,0.001293521,2017-09-10T16:06:00.000,32.0,6.74522766530572e-07
76,1717.0,201803300753.0,575668980.0,1.4212251926437602e-06,5.978059220979048e-07,5.387564101511089e-07,2.559834797466465e-07,False,False,False,False,True,C7.1,7.1864533e-06,2018-03-30T08:04:00.000,11.0,1.8600513129740648e-08
78,2088.0,201903210308.0,606409860.0,1.8023245047515957e-06,1.3662057654073578e-06,1.374926682728983e-06,1.1300552387183416e-06,False,False,False,False,True,C8.7,8.7490735e-06,2019-03-21T03:12:00.000,4.0,8.855899977788795e-07
79,2254.0,201905060504.0,610391280.0,2.0774622555563838e-07,1.8864193407353014e-07,1.8891454089953186e-07,1.823006670065297e-07,False,False,False,False,True,M1.5,1.5136375e-05,2019-05-06T05:09:00.000,5.0,1.3679401433819294e-07
80,2263.0,201905061331.0,610422720.0,3.986310161963047e-07,3.693155576911522e-07,3.6730364172399277e-07,3.6408368941920344e-07,False,False,False,False,True,M1.1,1.128577e-05,2019-05-06T13:54:00.000,23.0,1.6709992678443086e-07
81,2320.0,202005290713.0,644008920.0,7.460291726602009e-07,4.4086269213039486e-07,4.302155218738335e-07,3.0771397518947197e-07,False,False,False,False,True,M1.1,1.1908082e-05,2020-05-29T07:24:00.000,11.0,1.2332827736827312e-07
82,2323.0,202005291041.0,644021160.0,3.9121124473240343e-07,2.4627925654385763e-07,2.5348305143779726e-07,1.6911349121073727e-07,False,False,False,False,True,C9.3,9.381957e-06,2020-05-29T10:46:00.000,5.0,5.767600441686227e-08
83,2897.0,202104222002.0,672394140.0,4.926913788949605e-06,4.282958343537757e-06,4.38285951531725e-06,3.826781266980106e-06,False,False,False,False,True,C8.5,8.560342e-06,2021-04-22T20:11:00.000,9.0,3.6614457599171146e-07
84,2990.0,202105071843.0,673685520.0,3.9082140574464574e-05,3.702959656948224e-05,3.9082140574464574e-05,3.769854811253026e-05,True,True,True,True,True,M3.9,3.9077113e-05,2021-05-07T19:04:00.000,21.0,3.0960842423155555e-07
85,3077.0,202105221703.0,674975340.0,3.7372344650066225e-06,2.0940440208505606e-06,2.1052169358881656e-06,1.2880955182481557e-06,False,False,False,False,True,M1.1,1.190033e-05,2021-05-22T17:11:00.000,8.0,3.4732767062450876e-07
86,3080.0,202105222130.0,674991180.0,8.546881872462109e-06,5.5123296078818385e-06,5.89147612117813e-06,3.6608180380426347e-06,True,True,True,False,True,M1.4,1.4849428e-05,2021-05-22T21:36:00.000,6.0,5.559995202020218e-07
88,3099.0,202105231100.0,675039900.0,5.480515937961172e-06,3.713421165230102e-06,3.7989743759681005e-06,2.683771526790224e-06,True,False,False,False,True,,1.19252845e-05,2021-05-23T11:08:00.000,8.0,5.556071300816257e-07
89,3302.0,202107030704.0,678568380.0,1.3152715837350115e-05,8.687572517374065e-06,8.152535883709788e-06,7.138750788726611e-06,True,True,True,True,True,M2.7,2.7347016e-05,2021-07-03T07:17:00.000,13.0,3.4340794741183345e-07
90,3304.0,202107031418.0,678594420.0,3.952164115617052e-05,2.4623708668514155e-05,2.5790501240408048e-05,1.5781850379426032e-05,True,True,True,True,True,X1.5,0.00015937346,2021-07-03T14:29:00.000,11.0,4.831926503356954e-07
92,3307.0,202107031659.0,678603720.0,7.3592736953287385e-06,5.858708391315304e-06,6.087282599764876e-06,4.791490482602967e-06,True,True,True,False,True,M1.0,1.0480199e-05,2021-07-03T17:03:00.000,4.0,6.654666435679246e-07
93,3316.0,202107040501.0,678647280.0,5.66902326681884e-06,4.357606940175174e-06,4.4333410187391564e-06,3.627206069722888e-06,True,False,False,False,True,M1.5,1.5096588e-05,2021-07-04T05:09:00.000,8.0,2.803548682095425e-07
94,3584.0,202108290954.0,683503320.0,1.5045662848933716e-06,1.4419562148759724e-06,1.4361999092216138e-06,1.4079969332669862e-06,False,False,False,False,True,C8.1,8.152766e-06,2021-08-29T10:03:00.000,9.0,5.8354680732009e-07
95,3753.0,202109231503.0,685682700.0,1.4337069842440542e-05,1.259712462342577e-05,1.2917521416966338e-05,1.1604007340793032e-05,True,True,True,True,False,B5.5,5.5606114e-07,2021-09-23T15:14:00.000,11.0,2.0491397378918919e-07
96,3754.0,202109231523.0,685682700.0,1.4337069842440542e-05,1.1972105312452186e-05,1.2917521416966338e-05,9.647362276155036e-06,True,True,True,True,True,M1.8,1.8951738e-05,2021-09-23T15:28:00.000,5.0,4.0133667766895087e-07
97,3872.0,202110090619.0,687033240.0,1.4208374523150269e-05,1.2390491065161768e-05,1.267099014512496e-05,1.1090581210737582e-05,True,True,True,True,True,M1.6,1.6014299e-05,2021-10-09T06:38:00.000,19.0,1.215662450704258e-07
98,3969.0,202110251947.0,688463700.0,1.4421359537664102e-06,9.106103675549093e-07,8.559862862966838e-07,7.069829166539421e-07,False,False,False,False,True,C8.5,8.57363e-06,2021-10-25T19:56:00.000,9.0,4.337103689522337e-07
100,3975.0,202110260240.0,688488360.0,4.115657702641329e-06,2.3835223146306816e-06,2.4520993520127377e-06,1.6772859225966386e-06,False,False,False,False,True,M1.3,1.3275506e-05,2021-10-26T02:47:00.000,7.0,1.3707050356970285e-06
101,3979.0,202110260556.0,688500120.0,3.822809503617464e-06,2.8154433948657243e-06,2.8906554234708892e-06,2.26050633500563e-06,False,False,False,False,True,C7.8,7.841892e-06,2021-10-26T06:04:00.000,8.0,9.850932656263467e-07
102,3982.0,202110261542.0,688535700.0,3.7478964713955065e-06,3.2173481940844795e-06,3.2738130357756745e-06,2.85415649159404e-06,False,False,False,False,True,M1.0,1.01999485e-05,2021-10-26T15:57:00.000,15.0,7.706022984166339e-07
103,4005.0,202110280730.0,688678740.0,5.5286309361690655e-06,5.1636102398333605e-06,5.179484560358105e-06,4.828219516639365e-06,True,True,True,False,True,,1.42382005e-05,2021-10-28T07:40:00.000,10.0,6.151811362542503e-07
104,4007.0,202110281019.0,688688700.0,1.4789121451030951e-05,1.1319411896693055e-05,1.1976007044722792e-05,8.954774784797337e-06,True,True,True,True,True,,2.2170429e-05,2021-10-28T10:28:00.000,9.0,7.973375204528566e-07
105,4012.0,202110281517.0,688706820.0,0.00010014470899477601,9.137641609413549e-05,9.511440293863416e-05,8.206080383388326e-05,True,True,True,True,True,,0.00010014471,2021-10-28T15:35:00.000,18.0,5.592752927441325e-07
106,4226.0,202112050658.0,691960140.0,1.451404568797443e-05,1.4230106899049133e-05,1.451404568797443e-05,1.3857138583261985e-05,True,True,True,True,True,M1.4,1.447015e-05,2021-12-05T07:19:00.000,21.0,8.100894319795771e-07
107,4290.0,202112170039.0,692974140.0,5.137313564773649e-06,4.508622623689007e-06,4.666833774535917e-06,4.029923275084002e-06,True,False,False,False,True,M1.2,1.2928216e-05,2021-12-17T00:51:00.000,12.0,9.610276947569218e-07
109,4335.0,202112210743.0,693344880.0,6.747268344042823e-06,5.860680630576098e-06,5.8932714637194294e-06,5.300543762132293e-06,True,True,True,True,True,M1.1,1.1757939e-05,2021-12-21T07:50:00.000,7.0,2.595059640952968e-06
110,4336.0,202112211131.0,693358980.0,5.383748884923989e-06,4.612838438333711e-06,4.710359007731313e-06,4.080432518094312e-06,True,False,False,False,True,M1.4,1.4847395e-05,2021-12-21T11:44:00.000,13.0,7.079872261783748e-07
111,4346.0,202112220654.0,693428580.0,9.391468665853608e-06,8.838006579026114e-06,8.961220373748802e-06,8.318172149301972e-06,True,True,True,True,True,M1.3,1.30522185e-05,2021-12-22T07:06:00.000,12.0,1.2521217058747425e-06
112,4399.0,202112280350.0,693935880.0,1.2976978723600041e-05,9.891454283206258e-06,1.0322270100004971e-05,7.865350198699161e-06,True,True,True,True,True,M1.8,1.8930677e-05,2021-12-28T04:01:00.000,11.0,1.298649635828042e-06
113,4404.0,202112281559.0,693979560.0,1.3878077879780903e-05,1.0884934454225004e-05,1.1270662071183324e-05,8.903970410756301e-06,True,True,True,True,True,M1.6,1.6229069e-05,2021-12-28T16:11:00.000,12.0,5.830523832628387e-07
114,4484.0,202201140147.0,695397480.0,1.6217032680287957e-05,1.3482444046530873e-05,1.3893198229197878e-05,1.1477357475087047e-05,True,True,True,True,True,M1.8,1.8399107e-05,2022-01-14T02:03:00.000,16.0,4.913426892017014e-07
116,4669.0,202202010725.0,696972780.0,5.976905413263012e-06,4.899775376543403e-06,5.031231012253556e-06,4.169496151007479e-06,True,False,True,False,False,,1.4245428e-06,2022-02-01T07:26:00.000,1.0,1.4648352362200967e-06
117,4877.0,202203021731.0,699514560.0,1.2384405636112206e-05,9.948004844773095e-06,9.991204933612607e-06,8.455584065814037e-06,True,True,True,True,True,M2.0,2.0216432e-05,2022-03-02T17:39:00.000,8.0,3.8060369433878805e-07
118,4921.0,202203112213.0,700309740.0,9.222096196026541e-06,5.811486971651902e-06,5.8146310948359314e-06,4.110388999833958e-06,True,True,True,False,True,M2.2,2.296697e-05,2022-03-11T22:32:00.000,19.0,7.034177542664111e-07
119,4934.0,202203140829.0,700519080.0,6.680882961518364e-06,5.304440037434688e-06,5.361526291380869e-06,4.500127488427097e-06,True,True,True,False,True,M2.0,2.0119569e-05,2022-03-14T08:40:00.000,11.0,5.554894642045838e-07
120,4943.0,202203151233.0,700619820.0,5.8359873946756124e-06,4.897555754723726e-06,4.8370488912041765e-06,4.523159532254795e-06,True,False,False,False,True,M1.4,1.45442555e-05,2022-03-15T12:39:00.000,6.0,5.844316319780773e-07
121,4946.0,202203152239.0,700656240.0,6.825451237091329e-06,5.430218152469024e-06,5.529254394787131e-06,4.584027465170948e-06,True,True,True,False,True,M1.5,1.5921785e-05,2022-03-15T22:46:00.000,7.0,3.7399877328425646e-07
122,4990.0,202203240142.0,701358300.0,2.8528127131721703e-06,2.561027940828353e-06,2.6946820526063675e-06,2.345410393900238e-06,False,False,False,False,True,C8.1,8.172273e-06,2022-03-24T01:45:00.000,3.0,1.4611117649110383e-06
123,5014.0,202203281058.0,701738460.0,4.065999746671878e-05,3.776718949666247e-05,3.910982559318654e-05,3.4503704227972776e-05,True,True,True,True,True,M4.0,4.0606992e-05,2022-03-28T11:29:00.000,31.0,8.042014769671368e-07
125,5016.0,202203281703.0,701759520.0,9.795216101338156e-06,9.219226740242448e-06,9.795216101338156e-06,9.342875273432583e-06,True,True,True,True,True,C9.8,9.88722e-06,2022-03-28T17:13:00.000,10.0,3.100841695413692e-06
126,5023.0,202203290057.0,701787840.0,2.2146939954836853e-05,1.9835648345178925e-05,1.9806542695732787e-05,1.8502765669836663e-05,True,True,True,True,True,M2.2,2.219018e-05,2022-03-29T01:11:00.000,14.0,4.2299066080886405e-06
128,5026.0,202203290345.0,701798280.0,3.6079497931496007e-06,3.2479711080668494e-06,2.9366958642640384e-06,2.9366958642640384e-06,False,False,False,False,True,C5.2,5.262666e-06,2022-03-29T03:49:00.000,4.0,3.7021104617451783e-06
129,5027.0,202203290356.0,701798280.0,3.6079497931496007e-06,2.9006623663008213e-06,2.9366958642640384e-06,2.5088022539421218e-06,False,False,False,False,True,C8.6,8.665823e-06,2022-03-29T03:59:00.000,3.0,3.1480028610531008e-06
130,5040.0,202203292143.0,701862600.0,5.484710072778398e-06,4.030694526591105e-06,4.161661308899056e-06,3.081639988522511e-06,True,False,False,False,True,M1.6,1.6835987e-05,2022-03-29T21:52:00.000,9.0,1.2451109796529636e-06
131,5054.0,202203301721.0,701933400.0,0.00013435696018859744,0.00011188688222318888,0.00011848317080875859,9.255794429918751e-05,True,True,True,True,True,X1.3,0.00013797796,2022-03-30T17:37:00.000,16.0,1.3100129763188306e-06
132,5064.0,202203311817.0,702023220.0,9.674220200395212e-05,8.578295819461346e-05,9.00240265764296e-05,7.448545511579141e-05,True,True,True,True,True,M9.6,9.6722295e-05,2022-03-31T18:35:00.000,18.0,2.082563469230081e-06
134,5111.0,202204151347.0,703302720.0,1.9627206711447798e-05,1.8803062630468048e-05,1.904263990581967e-05,1.803151099011302e-05,True,True,True,True,True,M1.9,1.9711175e-05,2022-04-15T13:59:00.000,12.0,1.153942048404133e-05
135,5123.0,202204161449.0,703392720.0,8.002634785952978e-06,7.210033800220117e-06,7.21077412890736e-06,6.793884040234843e-06,True,True,True,True,True,M1.0,1.034847e-05,2022-04-16T14:56:00.000,7.0,1.6929384401009884e-06
136,5132.0,202204180737.0,703540020.0,7.154072136472678e-06,7.0721603151469026e-06,7.154072136472678e-06,7.108417776180431e-06,True,True,True,True,True,M1.3,1.3610557e-05,2022-04-18T07:48:00.000,11.0,1.2911439171148231e-06
137,5137.0,202204181712.0,703574520.0,9.483426765655167e-06,7.988346624188125e-06,8.114905540423933e-06,7.0617788878735155e-06,True,True,True,True,True,M1.9,1.921694e-05,2022-04-18T17:24:00.000,12.0,1.4882996310916496e-06
139,5143.0,202204200107.0,703689180.0,2.503882751625497e-05,1.3579795449913945e-05,3.4634427720448e-05,2.179782859457191e-05,True,True,True,True,True,M1.2,1.2880005e-05,2022-04-20T01:14:00.000,7.0,3.0512978810293134e-06
140,5144.0,202204200120.0,703689180.0,2.503882751625497e-05,1.3579795449913945e-05,3.4634427720448e-05,2.179782859457191e-05,True,True,True,True,True,M7.2,7.2949086e-05,2022-04-20T01:36:00.000,16.0,7.801263564033434e-06
141,5146.0,202204200341.0,703698720.0,0.00016687685274519026,0.00011686779907904565,0.00012126134242862463,8.587570482632145e-05,True,True,True,True,True,X2.2,0.00022465806,2022-04-20T03:57:00.000,16.0,1.823508341658453e-06
142,5152.0,202204201224.0,703730820.0,1.8252176232635975e-05,1.46723896250478e-05,1.5311203242163174e-05,1.1975175766565371e-05,True,True,True,True,True,M1.9,1.9581546e-05,2022-04-20T12:53:00.000,29.0,2.2594879283133196e-06
143,5163.0,202204221316.0,703905840.0,5.524595053429948e-06,3.6470780742092757e-06,3.6103617730987025e-06,2.7516018690221244e-06,True,False,False,False,True,M3.4,3.4334662e-05,2022-04-22T13:25:00.000,9.0,8.517253604622965e-07
144,5164.0,202204221339.0,703905900.0,4.40598523709923e-06,3.1160907383309677e-06,3.094996145591722e-06,2.524687033655937e-06,False,False,False,False,False,C3.6,3.6590498e-06,2022-04-22T13:45:00.000,6.0,2.2132078356662532e-06
145,5198.0,202204300446.0,704566680.0,1.2495265764300711e-05,1.0173996997764334e-05,1.0347753232053947e-05,8.827844794723205e-06,True,True,True,True,True,M2.6,2.6054931e-05,2022-04-30T05:01:00.000,15.0,1.1813423270723433e-06
146,5199.0,202204300525.0,704568540.0,1.2424570741131902e-05,9.411874088982586e-06,9.853429219219834e-06,7.391026429104386e-06,True,True,True,True,True,M1.4,1.4256876e-05,2022-04-30T05:34:00.000,9.0,5.6106960073520895e-06
147,5204.0,202204300948.0,704584440.0,3.421053770580329e-05,2.3873571990407072e-05,2.5189725420204923e-05,1.6849342500790954e-05,True,True,True,True,True,M4.8,4.8238868e-05,2022-04-30T09:58:00.000,10.0,2.3417669581249356e-06
148,5208.0,202204301338.0,704598180.0,5.408936340245418e-05,2.3526752556790598e-05,2.2318456103676e-05,1.0084023415402044e-05,True,True,True,True,True,X1.1,0.00011312873,2022-04-30T13:47:00.000,9.0,2.350184786337195e-06
150,5211.0,202204301942.0,704619960.0,8.038994565140456e-06,5.543974566535326e-06,5.841511665494181e-06,3.944524451071629e-06,True,True,True,False,True,M1.9,1.9874149e-05,2022-04-30T19:47:00.000,5.0,2.334658120162203e-06
151,5226.0,202205031309.0,704856120.0,5.536368553293869e-05,3.888335413648747e-05,4.075295873917639e-05,2.8475260478444397e-05,True,True,True,True,True,X1.1,0.000113361515,2022-05-03T13:25:00.000,16.0,6.45250395336916e-07
152,5229.0,202205040008.0,704895360.0,2.4408056560787372e-05,2.0052752006449737e-05,2.009739910135977e-05,1.763488762662746e-05,True,True,True,True,True,,5.322646e-05,2022-05-04T00:19:00.000,11.0,1.3342407783056842e-06
154,5238.0,202205040845.0,704926500.0,5.057945236330852e-05,4.212266139802523e-05,4.445690865395591e-05,3.470864976407029e-05,True,True,True,True,True,,5.7583497e-05,2022-05-04T08:59:00.000,14.0,1.1935512702621054e-06
155,5247.0,202205041931.0,704965440.0,1.4179536265146453e-05,1.3499639862857293e-05,1.3279829545354005e-05,1.2998028978472576e-05,True,True,True,True,False,,4.124247e-06,2022-05-04T19:37:00.000,6.0,2.547947133280104e-06
156,5248.0,202205041940.0,704965440.0,1.4179536265146453e-05,1.2995336874155328e-05,1.3279829545354005e-05,1.1971751519013196e-05,True,True,True,True,False,,3.0883834e-06,2022-05-04T19:41:00.000,1.0,3.2917851058300585e-06
157,5311.0,202205142358.0,705844860.0,2.2539679775945842e-05,1.9220189642510377e-05,2.042232699750457e-05,1.5938319847919047e-05,True,True,True,True,True,M2.2,2.2842129e-05,2022-05-15T00:08:00.000,10.0,1.6492448366989265e-06
159,5325.0,202205182156.0,706183140.0,7.593842383357696e-06,6.350620878947666e-06,6.4454366111021955e-06,5.626311121886829e-06,True,True,True,True,True,M1.1,1.1284367e-05,2022-05-18T22:02:00.000,6.0,4.446533239388373e-06
160,5327.0,202205200735.0,706304580.0,1.2616043932212051e-05,1.241092923010001e-05,1.2616227650141809e-05,1.2516662536654621e-05,True,True,True,True,True,M3.0,3.0303148e-05,2022-05-20T07:45:00.000,10.0,1.4910484651409206e-06
161,5407.0,202206132120.0,708427380.0,2.373193410676322e-06,1.9468723166937707e-06,1.9699725726241013e-06,1.73062733210827e-06,False,False,False,False,True,C8.5,8.528493e-06,2022-06-13T21:24:00.000,4.0,1.3823793096889858e-06
162,5417.0,202206141309.0,708484380.0,8.612420970166568e-06,4.5360411604633555e-06,8.612420970166568e-06,6.2140929912857246e-06,True,False,True,True,True,C6.5,6.5549893e-06,2022-06-14T13:13:00.000,4.0,1.0589923249426647e-06
163,5418.0,202206141319.0,708484380.0,8.612420970166568e-06,4.5360411604633555e-06,8.612420970166568e-06,6.2140929912857246e-06,True,False,True,True,True,C8.5,8.580415e-06,2022-06-14T13:26:00.000,7.0,2.0467878130148165e-06
164,5419.0,202206141411.0,708488220.0,7.24448273103917e-06,5.870113454875536e-06,7.24448273103917e-06,5.594982667389559e-06,True,True,True,True,True,C8.6,8.686075e-06,2022-06-14T14:20:00.000,9.0,2.3769350718794158e-06
165,5561.0,202207092056.0,710672580.0,1.0701244264055276e-06,1.0364749414293328e-06,1.0386310123067233e-06,1.0132138186236261e-06,False,False,False,False,True,C5.1,5.1946868e-06,2022-07-09T21:03:00.000,7.0,8.258180628217815e-07
166,5580.0,202207102330.0,710768460.0,8.711520422366448e-06,6.720835244777845e-06,7.101566552591976e-06,5.3010567171440925e-06,True,True,True,True,True,M1.3,1.3083055e-05,2022-07-10T23:43:00.000,13.0,1.5300539644158562e-06
167,5583.0,202207110144.0,710776320.0,5.974362011329504e-06,5.4764818742114585e-06,5.618436262011528e-06,5.071406121714972e-06,True,True,True,True,True,C8.8,8.887606e-06,2022-07-11T01:53:00.000,9.0,1.2934480082549271e-06
168,5588.0,202207110908.0,710802960.0,1.0523969649511855e-05,1.0365421076130588e-05,1.0523969649511855e-05,1.0240754818369169e-05,True,True,True,True,True,M1.1,1.1524642e-05,2022-07-11T09:19:00.000,11.0,1.205047738039866e-06
169,5596.0,202207120321.0,710868360.0,4.695675215771189e-06,3.802057790380786e-06,3.840382305497769e-06,3.436532779232948e-06,False,False,False,False,True,C7.6,7.659509e-06,2022-07-12T03:28:00.000,7.0,1.4235498611014918e-06
171,5602.0,202207121351.0,710905980.0,1.861613213804958e-06,1.726763571241463e-06,1.7233288645002176e-06,1.6531465689695324e-06,False,False,False,False,True,C7.5,7.5351572e-06,2022-07-12T13:54:00.000,3.0,1.834759245866735e-06
173,5623.0,202207140422.0,711044940.0,8.000043635547627e-06,6.646218480454991e-06,6.7229807427793276e-06,5.822383172926493e-06,True,True,True,True,True,,1.2617972e-05,2022-07-14T04:31:00.000,9.0,1.7094066606659908e-06
174,5636.0,202207142142.0,711107160.0,9.243945896741934e-06,6.39051313555683e-06,6.5598601395322476e-06,4.753151642944431e-06,True,True,True,False,True,,2.8957562e-05,2022-07-14T21:48:00.000,6.0,1.3103220908305957e-06
175,5825.0,202208151427.0,713846040.0,4.652129064197652e-06,3.7890438306931173e-06,3.7131901535758516e-06,3.4838885767385364e-06,False,False,False,False,True,M1.0,1.0181691e-05,2022-08-15T14:36:00.000,9.0,9.349512879452959e-07
176,5827.0,202208151640.0,713854380.0,5.1083370635751635e-06,3.7297950257197954e-06,3.7264201182551915e-06,3.00435499411833e-06,True,False,False,False,True,M2.7,2.733436e-05,2022-08-15T16:54:00.000,14.0,1.3735419770455337e-06
177,5828.0,202208151727.0,713856780.0,5.797722678835271e-06,4.595947302732384e-06,4.742787950817728e-06,3.78372806153493e-06,True,False,False,False,True,M0.9,9.983037e-06,2022-08-15T17:35:00.000,8.0,1.56098155912332e-06
179,5840.0,202208160752.0,713908500.0,2.6807840185938403e-05,2.0145862436038442e-05,2.071580456686206e-05,1.5954530681483448e-05,True,True,True,True,True,M5.0,5.07606e-05,2022-08-16T07:58:00.000,6.0,9.723323728394462e-07
180,5847.0,202208162110.0,713956800.0,8.087462447292637e-06,6.855806987005053e-06,6.851429134258069e-06,6.238598416530294e-06,True,True,True,True,True,M1.8,1.86329e-05,2022-08-16T21:21:00.000,11.0,1.4630115856562043e-06
181,5858.0,202208170811.0,713996220.0,8.404752406931948e-06,6.931078587513184e-06,7.20795787856332e-06,5.881890956516145e-06,True,True,True,True,True,,9.017492e-06,2022-08-17T08:20:00.000,9.0,9.58448708843207e-07
182,5862.0,202208171326.0,714015780.0,6.280074558162596e-06,4.288015134079615e-06,4.243447619955987e-06,3.3641956633800874e-06,True,False,False,False,True,,2.0453565e-05,2022-08-17T13:45:00.000,19.0,1.1527478136486025e-06
183,5883.0,202208181000.0,714089220.0,1.6806910707600764e-06,1.345738837699173e-06,1.3071552302790224e-06,1.2550106021080865e-06,False,False,False,False,True,M1.3,1.3980414e-05,2022-08-18T10:09:00.000,9.0,9.051464644471707e-07
184,5884.0,202208181019.0,714089220.0,1.6806910707600764e-06,1.345738837699173e-06,1.3071552302790224e-06,1.2550106021080865e-06,False,False,False,False,False,C3.4,3.4387265e-06,2022-08-18T10:33:00.000,14.0,1.226415520250157e-06
185,5887.0,202208181401.0,714103860.0,2.9086152153467992e-06,1.993024170587887e-06,1.9587166661949595e-06,1.5608931107635726e-06,False,False,False,False,True,M1.3,1.31326e-05,2022-08-18T14:13:00.000,12.0,1.1084991911047837e-06
186,5969.0,202208251939.0,714728700.0,1.7137012036982924e-05,1.4509539141727146e-05,1.4832820852461737e-05,1.271341898245737e-05,True,True,True,True,True,M1.8,1.8207562e-05,2022-08-25T19:51:00.000,12.0,2.788035772027797e-06
187,5971.0,202208252309.0,714741480.0,1.0400727660453413e-05,9.985719771066215e-06,1.0331096746085677e-05,9.344724276161287e-06,True,True,True,True,True,C9.1,9.146479e-06,2022-08-25T23:19:00.000,10.0,1.0870805908780312e-06
188,5972.0,202208252321.0,714741480.0,1.0400727660453413e-05,9.985719771066215e-06,1.0331096746085677e-05,9.344724276161287e-06,True,True,True,True,True,M1.0,1.03667535e-05,2022-08-25T23:27:00.000,6.0,8.032231562538072e-06
189,5975.0,202208270152.0,714838380.0,4.355058990768157e-05,3.996272062067874e-05,4.522243398241699e-05,4.25154430558905e-05,True,True,True,True,True,M4.8,4.8756818e-05,2022-08-27T02:40:00.000,48.0,4.019610514660599e-06
190,5977.0,202208270653.0,714855720.0,4.660852482629707e-06,3.989192464359803e-06,4.018322215415537e-06,3.5807345284410985e-06,False,False,False,False,True,C8.8,8.850169e-06,2022-08-27T07:02:00.000,9.0,3.022346618308802e-06
191,5980.0,202208271129.0,714872100.0,6.322431090666214e-06,5.070385213912232e-06,5.115100066177547e-06,4.384683506941656e-06,True,True,True,False,True,M1.2,1.2256013e-05,2022-08-27T11:38:00.000,9.0,2.6575717129162513e-06
192,5982.0,202208271241.0,714876480.0,3.4933809729409404e-06,3.3452699881308945e-06,3.377078655830701e-06,3.3226044706680113e-06,False,False,False,False,True,C8.8,8.821903e-06,2022-08-27T12:48:00.000,7.0,3.0779201551922597e-06
193,5983.0,202208271306.0,714877920.0,4.997783435101155e-06,4.505092420004075e-06,4.704590537585318e-06,4.363561856735032e-06,False,False,False,False,True,C9.6,9.687105e-06,2022-08-27T13:13:00.000,7.0,2.9260313567647245e-06
194,5985.0,202208271513.0,714885840.0,4.7240787353075575e-06,4.293104211683385e-06,4.216206434648484e-06,4.0634736251377035e-06,False,False,False,False,True,M1.1,1.1080066e-05,2022-08-27T15:25:00.000,12.0,2.9912775971752126e-06
195,5986.0,202208271545.0,714887580.0,1.790992791939061e-05,1.6974645404843614e-05,1.7777219909476116e-05,1.587372571520973e-05,True,True,True,True,True,M1.8,1.802086e-05,2022-08-27T15:58:00.000,13.0,3.377146867933334e-06
196,6000.0,202208281548.0,714974160.0,5.1237369916634634e-05,4.1239356505684555e-05,5.877705552848056e-05,4.907596667180769e-05,True,True,True,True,True,M6.7,6.7296576e-05,2022-08-28T16:19:00.000,31.0,2.7097628390038153e-06
197,6001.0,202208281820.0,714983100.0,4.642813291866332e-05,4.3727097363444045e-05,4.444451042218134e-05,4.14380592701491e-05,True,True,True,True,True,M4.6,4.6703444e-05,2022-08-28T18:32:00.000,12.0,1.5903742678347044e-05
198,6002.0,202208282333.0,715001700.0,3.517601044222829e-06,3.4942486308864318e-06,3.501805167616112e-06,3.473265451248153e-06,False,False,False,False,True,C7.5,7.5301805e-06,2022-08-28T23:36:00.000,3.0,3.6890107821818674e-06
199,6004.0,202208290324.0,715015800.0,3.380437919986434e-05,2.9348235329962336e-05,3.128580647171475e-05,2.5074705263250507e-05,True,True,True,True,True,M3.3,3.380366e-05,2022-08-29T03:38:00.000,14.0,2.7293817765894346e-06
200,6007.0,202208291048.0,715043040.0,3.9681795897195116e-05,3.2537678634980693e-05,3.312016269774176e-05,2.8107331672799774e-05,True,True,True,True,True,M8.6,8.66998e-05,2022-08-29T11:07:00.000,19.0,2.153838295271271e-06
202,6009.0,202208291446.0,715056660.0,2.294196565344464e-05,2.114713606715668e-05,2.171732921851799e-05,1.9487850295263343e-05,True,True,True,True,True,M2.5,2.5502022e-05,2022-08-29T14:56:00.000,10.0,7.88923443906242e-06
205,6070.0,202209051758.0,715672980.0,7.793481927365065e-06,7.314155027415836e-06,7.254123829625314e-06,7.11910251993686e-06,True,True,True,True,True,M1.0,1.0999505e-05,2022-09-05T18:05:00.000,7.0,3.431510549489758e-06
207,6131.0,202209131231.0,716344500.0,3.12079600917059e-06,2.9119739792804467e-06,2.8952467800991144e-06,2.7688795398717048e-06,False,False,False,False,True,C7.0,7.0567953e-06,2022-09-13T12:36:00.000,5.0,1.9297053768241312e-06
208,6163.0,202209172013.0,716718900.0,2.4460048734908924e-05,2.3175003661890514e-05,2.1864887457923032e-05,2.1864887457923032e-05,True,True,True,True,False,C2.3,2.3375633e-06,2022-09-17T20:22:00.000,9.0,1.0836292858584784e-06
209,6164.0,202209172032.0,716718900.0,2.4460048734908924e-05,2.1123560145497322e-05,2.1864887457923032e-05,1.8398937754682265e-05,True,True,True,True,True,M2.6,2.6060505e-05,2022-09-17T20:41:00.000,9.0,1.7216334526892751e-06
210,6168.0,202209201113.0,716944860.0,1.0564127478573937e-05,7.51877314542071e-06,8.035038263187744e-06,5.394075287767919e-06,True,True,True,True,True,M1.0,1.0980659e-05,2022-09-20T11:22:00.000,9.0,1.5637670003343374e-06
211,6173.0,202209210651.0,717015480.0,8.635045560367871e-06,7.68358131608693e-06,7.831410584913101e-06,7.020292741799494e-06,True,True,True,True,True,M1.0,1.0130757e-05,2022-09-21T07:02:00.000,11.0,1.7534055132273352e-06
212,6193.0,202209231129.0,717204780.0,1.9681049252540106e-06,1.768491983966669e-06,1.92489028449927e-06,1.5961051076374133e-06,False,False,False,False,True,C7.2,7.2153657e-06,2022-09-23T11:33:00.000,4.0,1.4577616411770578e-06
213,6252.0,202209300346.0,717782160.0,1.007083756121574e-05,9.399408554600086e-06,9.564091669744812e-06,8.812457053863909e-06,True,True,True,True,True,M1.0,1.0519981e-05,2022-09-30T04:01:00.000,15.0,2.1696182557207067e-06
214,6259.0,202209301611.0,717826560.0,2.5249695681850426e-05,2.0974790459149517e-05,2.1189434846746735e-05,1.8449209164828062e-05,True,True,True,True,True,M2.9,2.9706564e-05,2022-09-30T16:22:00.000,11.0,1.9961701127613196e-06
215,6260.0,202209301730.0,717831120.0,9.48337674344657e-06,8.84167729964247e-06,8.995690222945996e-06,8.317482752318028e-06,True,True,True,True,True,M1.3,1.3915893e-05,2022-09-30T17:34:00.000,4.0,3.1888778266875306e-06
217,6273.0,202210011958.0,717926700.0,4.0123941289493814e-05,2.6561543563730083e-05,2.7230507839703932e-05,1.9031040210393257e-05,True,True,True,True,True,M5.8,5.865486e-05,2022-10-01T20:10:00.000,12.0,1.6748185771575663e-06
218,6274.0,202210030219.0,718036080.0,2.4306866180268116e-05,2.211449645983521e-05,2.247059455839917e-05,2.056113771686796e-05,True,True,True,True,True,M2.6,2.6258713e-05,2022-10-03T02:33:00.000,14.0,2.6427624106872827e-06
219,6276.0,202210030712.0,718053660.0,5.379407411965076e-06,4.611687927535968e-06,4.641874056687811e-06,4.078422080056043e-06,True,False,False,False,True,C7.5,7.572493e-06,2022-10-03T07:23:00.000,11.0,1.8139459143640124e-06
220,6279.0,202210030938.0,718063020.0,4.195272776996717e-05,4.02599289373029e-05,4.209470353089273e-05,4.1417548345634714e-05,True,True,True,True,True,M4.2,4.205304e-05,2022-10-03T10:11:00.000,33.0,4.03631429435336e-06
221,6280.0,202210031103.0,718067220.0,1.2659018466365524e-05,1.0736294825619552e-05,1.0998649486282375e-05,9.402504474564921e-06,True,True,True,True,True,M1.5,1.5213547e-05,2022-10-03T11:11:00.000,8.0,5.765184596384643e-06
222,6286.0,202210031520.0,718082820.0,1.4270048268372193e-05,1.1044360689993482e-05,1.1448527402535547e-05,8.9105360530084e-06,True,True,True,True,True,M1.6,1.6986618e-05,2022-10-03T15:30:00.000,10.0,2.7062103526986903e-06
223,6292.0,202210032113.0,718103880.0,1.507610340922838e-05,1.313160373683786e-05,1.3464320545608643e-05,1.1828142305603251e-05,True,True,True,True,True,M1.7,1.7838347e-05,2022-10-03T21:22:00.000,9.0,5.922544460190693e-06
224,6344.0,202210101605.0,718690740.0,2.4194871002691798e-05,2.3684793632128276e-05,2.405119812465273e-05,2.2845735657028854e-05,True,True,True,True,True,M2.4,2.411541e-05,2022-10-10T16:28:00.000,23.0,2.9203849862824427e-06
225,6354.0,202210110836.0,718749660.0,3.3156741210405016e-06,2.4675694021425443e-06,2.320221483387286e-06,2.0984521142963786e-06,False,False,False,False,True,M3.9,3.9843617e-05,2022-10-11T08:42:00.000,6.0,8.393827783947927e-07
226,6355.0,202210111046.0,718757460.0,2.0980151020921767e-06,1.658735868659278e-06,1.8144187379220966e-06,1.3498015505319927e-06,False,False,False,False,True,M1.5,1.5277665e-05,2022-10-11T10:52:00.000,6.0,9.042907436196401e-07
227,6364.0,202210121414.0,718856280.0,1.2677060112764593e-06,1.196120138047263e-06,1.2677060112764593e-06,1.2201296613056911e-06,False,False,False,False,True,C8.8,8.87418e-06,2022-10-12T14:18:00.000,4.0,1.0739943263615714e-06
228,6518.0,202211120009.0,721484160.0,3.5702416880667442e-06,2.4490520900144475e-06,2.3829024939914234e-06,1.94834433386859e-06,False,False,False,False,True,M1.1,1.1709789e-05,2022-11-12T00:18:00.000,9.0,6.513076868941425e-07
229,6530.0,202211121801.0,721548180.0,3.7141724078537663e-06,3.4053466606565053e-06,3.7141724078537663e-06,2.9968230137455976e-06,False,False,False,False,True,C6.5,6.549978e-06,2022-11-12T18:04:00.000,3.0,2.2052761323720915e-06
231,6583.0,202211191242.0,722134320.0,1.447527847631136e-05,1.2855808563472237e-05,1.3220706023275852e-05,1.152271306636976e-05,True,True,True,True,True,M1.6,1.6089014e-05,2022-11-19T12:56:00.000,14.0,1.1920099041162757e-06
232,6670.0,202212031736.0,723361200.0,9.73803025772213e-07,8.928163879318163e-07,8.797562713880325e-07,8.602684715697251e-07,False,False,False,False,True,M1.2,1.29028895e-05,2022-12-03T17:41:00.000,5.0,8.080308475655329e-07
233,6685.0,202212071256.0,723690180.0,3.832181391771883e-06,3.503863808873575e-06,3.6431222270039143e-06,3.111201522187912e-06,False,False,False,False,True,C5.8,5.875073e-06,2022-12-07T13:04:00.000,8.0,6.341068115034432e-07
235,6729.0,202212140730.0,724275360.0,1.8094478946295567e-05,1.412127949151909e-05,1.4417891179618891e-05,1.1856661330966745e-05,True,True,True,True,True,M2.4,2.4583886e-05,2022-12-14T07:40:00.000,10.0,6.127862434368581e-06
236,6731.0,202212140920.0,724281780.0,9.982210940506775e-06,8.418131073995028e-06,8.543494004698005e-06,7.388497124338755e-06,True,True,True,True,True,M1.3,1.3916205e-05,2022-12-14T09:27:00.000,7.0,2.714576112339273e-06
238,6734.0,202212141224.0,724292880.0,2.42637670453405e-05,1.912605694087688e-05,1.9508099285303615e-05,1.617170164536219e-05,True,True,True,True,True,M4.1,4.1154886e-05,2022-12-14T12:31:00.000,7.0,5.65238678973401e-06
239,6735.0,202212141431.0,724300620.0,4.5376735215540975e-05,3.393579027033411e-05,3.450726580922492e-05,2.774609311018139e-05,True,True,True,True,True,M6.3,6.356953e-05,2022-12-14T14:42:00.000,11.0,1.8629751821208629e-06
240,6736.0,202212141454.0,724300800.0,3.094115891144611e-05,2.5706476662890054e-05,2.582324123068247e-05,2.3201479052659124e-05,True,True,True,True,True,M3.2,3.239337e-05,2022-12-14T14:59:00.000,5.0,2.208489786426071e-05
241,6738.0,202212141703.0,724309680.0,1.7704502170090564e-05,1.5079506738402415e-05,1.5390787666547112e-05,1.3174193554732483e-05,True,True,True,True,True,M2.2,2.2161868e-05,2022-12-14T17:12:00.000,9.0,2.5111917238973547e-06
243,6743.0,202212142052.0,724323300.0,1.3205737559474073e-05,1.0681714229576755e-05,1.083031929738354e-05,9.179283551929984e-06,True,True,True,True,True,M2.2,2.2621798e-05,2022-12-14T20:58:00.000,6.0,1.2000755305052735e-05
244,6744.0,202212142133.0,724325820.0,1.8565540813142434e-05,1.4107536117080599e-05,1.9318400518386625e-05,1.673507722443901e-05,True,True,True,True,True,M1.3,1.3247375e-05,2022-12-14T21:39:00.000,6.0,4.58947124570841e-06
245,6745.0,202212142145.0,724325820.0,1.8565540813142434e-05,1.4107536117080599e-05,1.9318400518386625e-05,1.673507722443901e-05,True,True,True,True,True,M1.9,1.9637979e-05,2022-12-14T21:53:00.000,8.0,1.1126799108751584e-05
246,6746.0,202212142157.0,724326540.0,3.422048393986188e-05,2.2738946427125484e-05,4.23937599407509e-05,3.0940525903133675e-05,True,True,True,True,True,M4.5,4.541192e-05,2022-12-14T22:06:00.000,9.0,1.5945963241392747e-05
247,6754.0,202212150655.0,724359540.0,2.3961403712746687e-05,2.120579119946342e-05,2.177703208872117e-05,1.9211796825402416e-05,True,True,True,True,True,M2.3,2.3952147e-05,2022-12-15T07:07:00.000,12.0,2.373497636654065e-06
249,6765.0,202212151635.0,724394340.0,1.5724541299277917e-05,1.2283885553188156e-05,1.9798017092398368e-05,1.4961554370529484e-05,True,True,True,True,True,M1.1,1.11888885e-05,2022-12-15T16:44:00.000,9.0,4.281511792214587e-06
250,6766.0,202212151647.0,724394340.0,1.5724541299277917e-05,1.2283885553188156e-05,1.9798017092398368e-05,1.4961554370529484e-05,True,True,True,True,True,M2.0,2.0725858e-05,2022-12-15T16:56:00.000,9.0,1.0813128028530627e-05
252,6770.0,202212152220.0,724415100.0,5.465575304697268e-05,4.402683043736033e-05,5.7463053963147104e-05,5.0342310714768246e-05,True,True,True,True,True,M5.7,5.744778e-05,2022-12-15T22:40:00.000,20.0,6.5533158704056405e-06
253,6771.0,202212160130.0,724426740.0,3.0403536584344693e-05,2.6999026886187494e-05,3.122182170045562e-05,2.91088053927524e-05,True,True,True,True,True,M3.5,3.5523448e-05,2022-12-16T02:01:00.000,31.0,3.5183122690796154e-06
255,6779.0,202212160726.0,724448040.0,1.3556924386648461e-05,1.1130429811601061e-05,1.131092449213611e-05,9.653173037804663e-06,True,True,True,True,True,M1.6,1.6726422e-05,2022-12-16T07:38:00.000,12.0,3.878293682646472e-06
256,6780.0,202212160855.0,724453320.0,8.816230547381565e-06,7.961589290061966e-06,8.128407898766454e-06,7.785586603858974e-06,True,True,True,True,True,M1.5,1.5687108e-05,2022-12-16T09:05:00.000,10.0,2.590521262391121e-06
257,6782.0,202212161002.0,724457700.0,3.924649354303256e-05,3.446900882408954e-05,3.596833994379267e-05,3.039742477994878e-05,True,True,True,True,True,M4.0,4.0206298e-05,2022-12-16T10:19:00.000,17.0,6.021406989020761e-06
258,6786.0,202212161424.0,724473180.0,2.44305902015185e-05,2.3587575924466364e-05,2.3813265215721913e-05,2.2645617718808353e-05,True,True,True,True,True,M2.4,2.4572535e-05,2022-12-16T14:40:00.000,16.0,2.1037799342593644e-06
259,6787.0,202212161534.0,724476960.0,9.607242645870429e-06,7.699339221289847e-06,7.79704441811191e-06,6.591830242541619e-06,True,True,True,True,True,M1.2,1.2642182e-05,2022-12-16T15:40:00.000,6.0,7.109190391929587e-06
260,6840.0,202212210513.0,724871880.0,2.0540023797366302e-06,1.803751274565002e-06,1.804140424610523e-06,1.6992242990454542e-06,False,False,False,False,True,C6.9,6.9313255e-06,2022-12-21T05:18:00.000,5.0,1.3436496146823629e-06
262,6877.0,202212270046.0,725374200.0,1.4628604731115047e-05,1.0933065823337529e-05,1.119025910156779e-05,8.599799912190065e-06,True,True,True,True,True,M2.0,2.0673486e-05,2022-12-27T00:54:00.000,8.0,5.945378234173404e-06
263,6888.0,202212271615.0,725430180.0,7.701461072429083e-06,5.962313025520416e-06,6.1571854530484416e-06,4.879038442595629e-06,True,True,True,False,True,M1.2,1.2077879e-05,2022-12-27T16:26:00.000,11.0,1.5310758954001358e-06
264,6905.0,202212291812.0,725609820.0,1.9983619495178573e-05,1.854039692261722e-05,2.3741287805023603e-05,2.0217101337038912e-05,True,True,True,True,True,M2.1,2.1786427e-05,2022-12-29T18:20:00.000,8.0,1.5261987300618785e-06
265,6906.0,202212291826.0,725609820.0,1.9983619495178573e-05,1.854039692261722e-05,2.3741287805023603e-05,2.0217101337038912e-05,True,True,True,True,True,M2.4,2.4306597e-05,2022-12-29T18:33:00.000,7.0,1.763919135555625e-05
266,6920.0,202212301524.0,725685960.0,2.088952214762685e-06,1.9379406239750097e-06,1.9358876670594327e-06,1.8588576722322614e-06,False,False,False,False,True,M1.4,1.444178e-05,2022-12-30T15:28:00.000,4.0,1.7656016098044347e-06
268,6923.0,202212301926.0,725700840.0,2.985574428748805e-05,2.30050427489914e-05,2.353068884985987e-05,1.8900384020525962e-05,True,True,True,True,True,M3.7,3.7431644e-05,2022-12-30T19:38:00.000,12.0,1.7432398635719437e-06
269,6966.0,202301060043.0,726238500.0,7.077116606524214e-05,6.093912816140801e-05,6.268340803217143e-05,5.361902367440052e-05,True,True,True,True,True,X1.2,0.00012163665,2023-01-06T00:57:00.000,14.0,1.0586987855276675e-06
270,6976.0,202301070040.0,726324480.0,1.2482106285460759e-05,1.0531633051868994e-05,1.0712806215451565e-05,9.288443834520876e-06,True,True,True,True,True,M1.6,1.6310407e-05,2023-01-07T00:52:00.000,12.0,1.5962425550242187e-06
271,7014.0,202301090845.0,726526620.0,2.0218389181536622e-05,1.909949969558511e-05,1.9948176486650482e-05,1.744949804560747e-05,True,True,True,True,True,M2.1,2.1476191e-05,2023-01-09T09:01:00.000,16.0,2.8716231099679135e-06
272,7019.0,202301091837.0,726561900.0,0.00014340467168949544,0.00010753481910796836,0.00011396549234632403,8.158900891430676e-05,True,True,True,True,True,X1.9,0.00019765817,2023-01-09T18:50:00.000,13.0,3.0843714284856105e-06
273,7024.0,202301100009.0,726581580.0,2.7503183446242474e-05,2.1134750568307936e-05,2.1952302631689236e-05,1.705836803012062e-05,True,True,True,True,True,M5.1,5.152473e-05,2023-01-10T00:16:00.000,7.0,4.362045729067177e-06
274,7026.0,202301100208.0,726588840.0,7.392795851046685e-06,6.6694101406028494e-06,6.695101546938531e-06,6.277167358348379e-06,True,True,True,True,True,M1.0,1.0814691e-05,2023-01-10T02:16:00.000,8.0,3.623473958214163e-06
275,7027.0,202301100233.0,726590160.0,2.5342409571749158e-05,2.2721418645232916e-05,2.3224887627293356e-05,2.0758050595759414e-05,True,True,True,True,True,M2.6,2.6934356e-05,2023-01-10T02:41:00.000,8.0,5.74279101783759e-06
276,7033.0,202301101059.0,726620760.0,5.100524958834285e-06,4.503290256252512e-06,4.542867372947512e-06,4.172907665633829e-06,True,False,False,False,True,M1.0,1.0986276e-05,2023-01-10T11:08:00.000,9.0,2.613279548313585e-06
277,7034.0,202301101210.0,726624960.0,3.880128133459948e-06,3.5852888231602265e-06,3.6258300042391056e-06,3.3763028568500886e-06,False,False,False,False,True,C8.5,8.558164e-06,2023-01-10T12:17:00.000,7.0,3.2387449664383894e-06
278,7038.0,202301101444.0,726634020.0,4.508165602601366e-06,4.295050530345179e-06,4.973503109795274e-06,4.4873686420032755e-06,False,False,False,False,True,C8.7,8.729835e-06,2023-01-10T14:47:00.000,3.0,3.386895286894287e-06
279,7040.0,202301101717.0,726643500.0,7.691201062698383e-06,5.901989879930625e-06,6.043680059519829e-06,4.882374469161732e-06,True,True,True,False,True,M1.3,1.3508288e-05,2023-01-10T17:28:00.000,11.0,3.3461703878856497e-06
280,7041.0,202301101744.0,726644880.0,4.38793813373195e-06,4.084369720658287e-06,4.033359800814651e-06,3.988212029071292e-06,False,False,False,False,True,M1.2,1.2541061e-05,2023-01-10T17:48:00.000,4.0,3.704917389768525e-06
281,7045.0,202301102239.0,726662760.0,1.370437257719459e-05,7.179770818765974e-06,6.773611403332325e-06,4.349401933723129e-06,True,True,True,False,True,X1.0,0.0001063301,2023-01-10T22:47:00.000,8.0,2.1674650270142592e-06
282,7047.0,202301110039.0,726670380.0,2.387858876318205e-05,2.00032300199382e-05,2.0953342755092308e-05,1.7001228115987033e-05,True,True,True,True,True,M2.4,2.4735158e-05,2023-01-11T00:59:00.000,20.0,2.3550062451249687e-06
283,7048.0,202301110149.0,726673980.0,2.1240912246867083e-05,1.5110737876966596e-05,1.4675968486699276e-05,1.2403918844938744e-05,True,True,True,True,True,M5.6,5.6708155e-05,2023-01-11T01:56:00.000,7.0,4.7116704990912694e-06
284,7052.0,202301110825.0,726697920.0,3.602431661420269e-06,3.5143593777320348e-06,3.885202204401139e-06,3.647669700512779e-06,False,False,False,False,True,M3.1,3.141117e-05,2023-01-11T08:33:00.000,8.0,2.17015599446313e-06
285,7072.0,202301130253.0,726850740.0,7.426056981785223e-06,6.906639555381844e-06,7.0336736825993285e-06,6.480008323705988e-06,True,True,True,True,True,M1.4,1.4267601e-05,2023-01-13T02:59:00.000,6.0,6.340478648780845e-06
286,7076.0,202301131005.0,726876780.0,4.882531811745139e-06,4.144347258261405e-06,4.081894530827412e-06,3.87275758839678e-06,False,False,False,False,True,M3.9,3.9868297e-05,2023-01-13T10:15:00.000,10.0,3.847847892757272e-06
288,7088.0,202301142006.0,726999060.0,3.598606781451963e-05,3.2851516152732074e-05,3.598606781451963e-05,2.916040102718398e-05,True,True,True,True,True,M3.5,3.5951758e-05,2023-01-14T20:21:00.000,15.0,4.708870164904511e-06
289,7089.0,202301142037.0,727001280.0,4.604980131261982e-05,4.538510620477609e-05,4.604980131261982e-05,4.570501550915651e-05,True,True,True,True,True,M4.6,4.6022175e-05,2023-01-14T21:00:00.000,23.0,1.671840436756611e-05
290,7090.0,202301150308.0,727024920.0,5.494259676197544e-05,5.107794640935026e-05,5.7704237406142056e-05,5.4362230002880096e-05,True,True,True,True,True,M6.0,6.02541e-05,2023-01-15T03:42:00.000,34.0,4.5196716200734954e-06
291,7092.0,202301151416.0,727064580.0,4.889303454547189e-05,4.442262070369907e-05,4.5786891860188916e-05,4.05575628974475e-05,True,True,True,True,True,M4.8,4.8878264e-05,2023-01-15T14:31:00.000,15.0,3.507678911773837e-06
292,7108.0,202301172316.0,727269900.0,1.5490079022129066e-05,1.4017034118296579e-05,1.4369578821060713e-05,1.2777033589372877e-05,True,True,True,True,True,M1.8,1.843098e-05,2023-01-17T23:29:00.000,13.0,2.056547145912191e-06
293,7111.0,202301181021.0,727309800.0,1.606802106834948e-05,1.409971901011886e-05,1.4287263184087351e-05,1.2840680028602947e-05,True,True,True,True,True,M1.8,1.8158567e-05,2023-01-18T10:35:00.000,14.0,1.955740117409732e-06
294,7115.0,202301182037.0,727346760.0,2.903116865127231e-06,2.6070028980029747e-06,2.5433905648242217e-06,2.498088633728912e-06,False,False,False,False,True,C9.4,9.493394e-06,2023-01-18T20:47:00.000,10.0,2.212323352068779e-06
296,7119.0,202301190400.0,727372920.0,5.770020379713969e-06,4.699258170148823e-06,4.809851361642359e-06,4.063418600708246e-06,True,False,False,False,True,M1.1,1.1190476e-05,2023-01-19T04:03:00.000,3.0,2.931777544290526e-06
298,7123.0,202301191006.0,727394940.0,1.0728997040132526e-05,8.398516911256593e-06,8.732675269129686e-06,6.7896016844315454e-06,True,True,True,True,True,M1.7,1.7719982e-05,2023-01-19T10:12:00.000,6.0,2.067215746137663e-06
299,7137.0,202301221649.0,727678680.0,1.2542533113446552e-05,9.727640644996427e-06,1.009620518743759e-05,7.872793503338471e-06,True,True,True,True,True,M1.6,1.6220205e-05,2023-01-22T17:02:00.000,13.0,2.364111878705444e-06
300,7145.0,202301250937.0,727912140.0,4.3324293073965237e-05,4.189998435322195e-05,4.450003325473517e-05,4.304050889913924e-05,True,True,True,True,True,M4.6,4.6541183e-05,2023-01-25T10:11:00.000,34.0,6.0654797380266245e-06
301,7149.0,202301252223.0,727957920.0,1.4941675544832833e-05,1.1635474038484972e-05,1.1974946573900525e-05,9.589012734068092e-06,True,True,True,True,True,M2.0,2.025358e-05,2023-01-25T22:35:00.000,12.0,3.2384700716647785e-06
302,7155.0,202301261253.0,728010060.0,2.337673504371196e-05,1.960931513167452e-05,2.0435847545741126e-05,1.6481493730680086e-05,True,True,True,True,True,M2.8,2.8712053e-05,2023-01-26T13:06:00.000,13.0,3.730038088178844e-06
303,7206.0,202302072001.0,729072300.0,8.975246601039544e-06,8.097643330984283e-06,8.227646503655706e-06,7.5182651926297694e-06,True,True,True,True,True,M1.5,1.596277e-05,2023-02-07T20:07:00.000,6.0,2.3909360606921837e-06
305,7210.0,202302072246.0,729082380.0,3.943871706724167e-05,2.573395067884121e-05,6.392058276105672e-05,3.5944267438026145e-05,True,True,True,True,True,M3.8,3.896816e-05,2023-02-07T22:58:00.000,12.0,4.25408870796673e-06
306,7212.0,202302080245.0,729096660.0,7.2062266553984955e-06,6.427598691516323e-06,6.596094863198232e-06,5.817780674988171e-06,True,True,True,True,True,M2.0,2.0664977e-05,2023-02-08T02:53:00.000,8.0,3.513940328048193e-06
307,7219.0,202302081956.0,729158520.0,1.55073848873144e-05,1.5244028872984927e-05,1.55073848873144e-05,1.4843561984889675e-05,True,True,True,True,True,M1.5,1.5476604e-05,2023-02-08T20:12:00.000,16.0,3.700984279930708e-06
308,7220.0,202302082103.0,729162540.0,1.5268080460373312e-05,1.4155501958157402e-05,1.4100046428211499e-05,1.3790736375085544e-05,True,True,True,True,True,M1.7,1.7163804e-05,2023-02-08T21:13:00.000,10.0,8.999249075714033e-06
309,7221.0,202302082121.0,729162540.0,1.5268080460373312e-05,1.4155501958157402e-05,1.4100046428211499e-05,1.3790736375085544e-05,True,True,True,True,True,M1.7,1.7532e-05,2023-02-08T21:37:00.000,16.0,1.350511683995137e-05
310,7223.0,202302100245.0,729269580.0,3.728287265403196e-05,3.662747622001916e-05,3.728287265403196e-05,3.5922203096561134e-05,True,True,True,True,True,M3.7,3.7280977e-05,2023-02-10T03:03:00.000,18.0,2.301555468875449e-06
311,7225.0,202302100802.0,729288300.0,5.028373379900586e-06,4.875430477113696e-06,4.904927664028946e-06,4.7442977120226715e-06,True,False,False,False,True,M1.4,1.4078581e-05,2023-02-10T08:05:00.000,3.0,4.124412043893244e-06
313,7229.0,202302101043.0,729298080.0,3.644243406597525e-06,3.522820179568953e-06,3.5216412470617797e-06,3.472925754977041e-06,False,False,False,False,True,C9.6,9.652724e-06,2023-02-10T10:50:00.000,7.0,2.8661961550824344e-06
315,7232.0,202302102234.0,729340680.0,8.613490535935853e-06,6.911681339261122e-06,7.025267677818192e-06,6.011177902109921e-06,True,True,True,True,True,M1.2,1.2620081e-05,2023-02-10T22:41:00.000,7.0,3.4550446343928343e-06
316,7237.0,202302110748.0,729374100.0,2.2995374820311554e-05,1.8448250557412393e-05,2.2995374820311554e-05,2.1286658011376858e-05,True,True,True,True,True,C9.9,9.943769e-06,2023-02-11T07:56:00.000,8.0,2.977986696350854e-06
317,7238.0,202302110759.0,729374100.0,2.2995374820311554e-05,1.8448250557412393e-05,2.2995374820311554e-05,2.1286658011376858e-05,True,True,True,True,True,M2.2,2.2959382e-05,2023-02-11T08:08:00.000,9.0,9.317185686086304e-06
318,7241.0,202302111129.0,729387180.0,1.059370333678089e-05,1.0046897841675673e-05,1.0100075996888336e-05,9.737575965118594e-06,True,True,True,True,True,M1.4,1.4995508e-05,2023-02-11T11:34:00.000,5.0,7.181485216278816e-06
319,7242.0,202302111205.0,729389220.0,1.1228409675823059e-05,1.0453083632455673e-05,1.1274370990577154e-05,1.0501696124265436e-05,True,True,True,True,True,M1.5,1.5382138e-05,2023-02-11T12:09:00.000,4.0,9.102052899834234e-06
320,7243.0,202302111540.0,729402300.0,5.243389023235068e-05,3.0057219191803597e-05,2.8496117010945454e-05,2.052496165561024e-05,True,True,True,True,True,X1.1,0.00011646811,2023-02-11T15:48:00.000,8.0,3.9578812902618665e-06
321,7244.0,202302111711.0,729408000.0,1.0472359463165049e-05,8.70385792950401e-06,8.91227500687819e-06,7.5606053542287555e-06,True,True,True,True,True,M1.4,1.4305811e-05,2023-02-11T17:23:00.000,12.0,4.174030891590519e-06
322,7251.0,202302120835.0,729463440.0,1.54735262185568e-05,1.2932680874655489e-05,1.2922461792186368e-05,1.183755011879839e-05,True,True,True,True,True,M3.1,3.1839012e-05,2023-02-12T08:48:00.000,13.0,3.2941904919425724e-06
323,7253.0,202302121323.0,729480600.0,9.971916369977407e-06,8.942821295931935e-06,9.089296327147167e-06,8.220110430556815e-06,True,True,True,True,True,M1.2,1.22612255e-05,2023-02-12T13:34:00.000,11.0,3.6758240185008617e-06
324,7255.0,202302121533.0,729488160.0,8.144276762322988e-06,7.538674708484905e-06,7.445637493219692e-06,7.29912653696374e-06,True,True,True,True,True,M1.0,1.0899995e-05,2023-02-12T15:38:00.000,5.0,2.596524154796498e-06
326,7268.0,202302131549.0,729575580.0,1.0643301720847376e-05,9.089987543120515e-06,9.283324288844597e-06,8.006664756976534e-06,True,True,True,True,True,M1.4,1.4451495e-05,2023-02-13T15:56:00.000,7.0,5.6208214118669275e-06
327,7274.0,202302140157.0,729612060.0,6.831714017607737e-06,5.416576186689781e-06,5.567392690863926e-06,4.49675872005173e-06,True,True,True,False,True,M1.8,1.8246472e-05,2023-02-14T02:03:00.000,6.0,1.7096549527195748e-06
328,7283.0,202302141159.0,729648420.0,2.364714237046428e-05,2.2250145775615238e-05,2.1990095774526708e-05,2.1611775082419626e-05,True,True,True,True,True,M2.6,2.6944906e-05,2023-02-14T12:12:00.000,13.0,1.6892577150429133e-06
330,7286.0,202302160019.0,729779400.0,8.052204975683708e-06,6.810234026488615e-06,7.052321961964481e-06,5.8952737163053825e-06,True,True,True,True,True,M1.1,1.102095e-05,2023-02-16T00:32:00.000,13.0,1.4610407106374623e-06
331,7303.0,202302171938.0,729935700.0,0.0001707091578282416,0.0001309742365265265,0.0001936026383191347,0.0001615688670426607,True,True,True,True,True,X2.2,0.00022803889,2023-02-17T20:16:00.000,38.0,2.4135511011991184e-06
332,7317.0,202302221336.0,730345440.0,2.508789475541562e-05,1.950441401277203e-05,2.0596335161826573e-05,1.5445823009940796e-05,True,True,True,True,True,M2.6,2.6797543e-05,2023-02-22T13:50:00.000,14.0,1.7706622656987747e-06
333,7325.0,202302230600.0,730404780.0,3.792992174567189e-06,3.1883544124866603e-06,3.111546220679884e-06,2.9079628802719526e-06,False,False,False,False,False,C3.2,3.2556945e-06,2023-02-23T06:06:00.000,6.0,1.996628952838364e-06
334,7326.0,202302230611.0,730404780.0,3.792992174567189e-06,3.092552788075409e-06,3.111546220679884e-06,2.721062401178642e-06,False,False,False,False,True,M1.5,1.5327565e-05,2023-02-23T06:14:00.000,3.0,2.1472101252584253e-06
335,7334.0,202302232307.0,730465980.0,2.4694070361874765e-06,2.3055538349581184e-06,2.3291929664992495e-06,2.174025439671823e-06,False,False,False,False,True,C6.2,6.2982863e-06,2023-02-23T23:13:00.000,6.0,1.391285991303448e-06
336,7343.0,202302241711.0,730530840.0,5.600715667242184e-06,4.436747531144647e-06,4.547646767605329e-06,3.7037250422145007e-06,True,False,False,False,True,M1.1,1.1962743e-05,2023-02-24T17:15:00.000,4.0,1.6685056607457227e-06
337,7344.0,202302242003.0,730542000.0,3.734164056368172e-05,3.644007665570825e-05,3.734164056368172e-05,3.526445652823895e-05,True,True,True,True,True,M3.7,3.7315283e-05,2023-02-24T20:30:00.000,27.0,1.6540005844944972e-06
338,7350.0,202302251534.0,730611540.0,4.908198206976522e-06,4.330634510552045e-06,4.44613169747754e-06,3.897614078596234e-06,False,False,False,False,True,M1.0,1.0860275e-05,2023-02-25T15:40:00.000,6.0,9.594891707820352e-07
339,7351.0,202302251840.0,730625040.0,5.9248999605188146e-05,5.420240631792694e-05,6.168756954139099e-05,5.8024608733830974e-05,True,True,True,True,True,M6.3,6.354004e-05,2023-02-25T19:44:00.000,64.0,1.0960941381199518e-06
340,7362.0,202302281735.0,730878060.0,8.622357563581318e-05,7.397152512567118e-05,8.323141082655638e-05,5.854028859175742e-05,True,True,True,True,True,M8.6,8.617607e-05,2023-02-28T17:50:00.000,15.0,1.9335566321387887e-06
341,7364.0,202303010056.0,730904700.0,7.415398613375146e-06,6.444190148613416e-06,6.561813279404305e-06,5.793910077045439e-06,True,True,True,True,True,M1.0,1.030165e-05,2023-03-01T01:07:00.000,11.0,1.7485383523307974e-06
342,7381.0,202303022059.0,731063280.0,3.857907358906232e-05,3.419741915422492e-05,3.645557080744766e-05,2.9057404390187003e-05,True,True,True,True,True,M3.8,3.8553135e-05,2023-03-02T21:16:00.000,17.0,1.87394141448749e-06
343,7383.0,202303031008.0,731110860.0,3.3014042855938897e-05,3.192201620549895e-05,3.3014042855938897e-05,3.211067814845592e-05,True,True,True,True,True,,3.2988202e-05,2023-03-03T10:32:00.000,24.0,3.346443918417208e-06
344,7387.0,202303031739.0,731137680.0,0.00013510789722204208,0.00011180455476278439,0.00011091312626376748,0.00010055583697976544,True,True,True,True,True,,0.00020714976,2023-03-03T17:52:00.000,13.0,1.8069310954160756e-06
345,7392.0,202303040706.0,731185800.0,4.0852787606127094e-06,3.833302798739169e-06,5.350721039576456e-06,4.141347289987607e-06,False,False,True,False,True,M1.0,1.0475689e-05,2023-03-04T07:10:00.000,4.0,2.661107146195718e-06
346,7393.0,202303040721.0,731185800.0,4.0852787606127094e-06,3.833302798739169e-06,5.350721039576456e-06,4.141347289987607e-06,False,False,True,False,True,C5.6,5.627317e-06,2023-03-04T07:26:00.000,5.0,3.5261548418930033e-06
347,7397.0,202303041334.0,731209200.0,5.839273399033118e-06,4.840792826144025e-06,4.817369244847214e-06,4.355013061285717e-06,True,False,False,False,True,M1.2,1.2194286e-05,2023-03-04T13:42:00.000,8.0,4.170803094893927e-06
348,7400.0,202303041519.0,731216100.0,4.557992360787466e-05,4.114200419280678e-05,4.8358771891798824e-05,4.4442287617130205e-05,True,True,True,True,True,M5.2,5.2677944e-05,2023-03-04T15:57:00.000,38.0,6.756806214980315e-06
349,7407.0,202303050240.0,731256540.0,1.0008499884861521e-05,8.683936357556377e-06,8.793400411377661e-06,7.902143806859385e-06,True,True,True,True,True,M1.3,1.3254513e-05,2023-03-05T02:52:00.000,12.0,2.035912075371016e-06
351,7415.0,202303052129.0,731323860.0,3.107472730334848e-05,1.8799701138050295e-05,1.894320303108543e-05,1.2487060303101316e-05,True,True,True,True,True,M5.0,5.046095e-05,2023-03-05T21:36:00.000,7.0,2.2017432002030546e-06
352,7417.0,202303060208.0,731341080.0,5.810098082292825e-05,5.305879676598124e-05,5.810098082292825e-05,4.5748452976113185e-05,True,True,True,True,True,M5.8,5.8042177e-05,2023-03-06T02:28:00.000,20.0,1.5947982774378033e-06
353,7418.0,202303060857.0,731365560.0,1.2415001037879847e-05,1.173078180727316e-05,1.1675710993586108e-05,1.1320192243147176e-05,True,True,True,True,True,M1.3,1.3161623e-05,2023-03-06T09:12:00.000,15.0,2.694436489036889e-06
354,7435.0,202303082235.0,731587320.0,7.507693226216361e-06,5.676234195561847e-06,5.780756055173697e-06,4.53517122878111e-06,True,True,True,False,True,M1.3,1.3581393e-05,2023-03-08T22:44:00.000,9.0,1.1529666608112166e-06
355,7479.0,202303171504.0,732337560.0,4.050345069117611e-06,3.6641868064180017e-06,3.7103111480973894e-06,3.413514832573128e-06,False,False,False,False,True,M1.0,1.0898786e-05,2023-03-17T15:07:00.000,3.0,4.019701464130776e-06
356,7481.0,202303180710.0,732395640.0,1.896738922368968e-06,1.3602035551230074e-06,1.3236737004262977e-06,1.133896262217604e-06,False,False,False,False,True,C9.4,9.408525e-06,2023-03-18T07:16:00.000,6.0,1.122183107327146e-06
357,7536.0,202303290218.0,733328940.0,7.876626477809623e-05,5.8152174460701644e-05,5.8520650782156736e-05,4.658526086132042e-05,True,True,True,True,True,X1.2,0.00012713997,2023-03-29T02:33:00.000,15.0,2.0662434963014675e-06
358,7540.0,202303292335.0,733405500.0,8.056632395891938e-06,6.699703135382151e-06,6.831049631728092e-06,5.769008566858247e-06,True,True,True,True,True,M1.1,1.1713036e-05,2023-03-29T23:47:00.000,12.0,7.883446073719824e-07
359,7541.0,202303300724.0,733433520.0,3.6940647987648845e-05,2.6472756871953607e-05,2.6820069251698442e-05,2.0751604097313248e-05,True,True,True,True,True,M5.4,5.4092467e-05,2023-03-30T07:37:00.000,13.0,1.3791124047202175e-06
360,7576.0,202304080138.0,734190120.0,9.239457540388685e-06,5.834417606820352e-06,5.5801269809308e-06,4.448613708518678e-06,True,True,True,False,True,M2.9,2.90136e-05,2023-04-08T01:46:00.000,8.0,9.841750170380692e-07
361,7629.0,202304110951.0,734479800.0,1.2058744687237777e-05,8.594409337092657e-06,8.965663255366962e-06,6.352920081553748e-06,True,True,True,True,True,M1.3,1.3832549e-05,2023-04-11T10:16:00.000,25.0,9.993336789193563e-07
362,7659.0,202304141610.0,734760900.0,6.957878667890327e-06,5.55643237021286e-06,5.70174188396777e-06,4.701234502135776e-06,True,True,True,False,True,M1.1,1.1182442e-05,2023-04-14T16:18:00.000,8.0,1.7642655620875303e-06
363,7666.0,202304142318.0,734786760.0,4.962282218912151e-06,4.111531325179385e-06,4.190002528048353e-06,3.607194230426103e-06,False,False,False,False,True,M1.5,1.5176338e-05,2023-04-14T23:27:00.000,9.0,2.2969304609432584e-06
364,7676.0,202304150905.0,734821980.0,2.7188536932953866e-06,2.452146190989879e-06,2.4865398700057995e-06,2.263575197503087e-06,False,False,False,False,True,C7.1,7.165243e-06,2023-04-15T09:14:00.000,9.0,2.7878909349965397e-06
365,7750.0,202304271104.0,735865980.0,9.920189768308774e-06,9.053766007127706e-06,9.244391549145803e-06,8.272359082184266e-06,True,True,True,True,True,M1.8,1.8762052e-05,2023-04-27T11:14:00.000,10.0,5.604559873972903e-07
366,7798.0,202305011302.0,736218480.0,4.169852218183223e-06,3.3820451790234074e-06,3.3559090297785588e-06,3.0257642720243894e-06,False,False,False,False,True,M7.2,7.214944e-05,2023-05-01T13:09:00.000,7.0,1.415878728039388e-06
367,7800.0,202305011426.0,736223340.0,5.734764272347093e-06,4.714770966529613e-06,4.902857654087711e-06,3.980836936534615e-06,True,False,False,False,True,C7.4,7.4703757e-06,2023-05-01T14:30:00.000,4.0,2.1822684175276663e-06
368,7824.0,202305030915.0,736377900.0,1.948802855622489e-05,1.549781700305175e-05,1.561032513563987e-05,1.3326130101631861e-05,True,True,True,True,True,,4.3429653e-05,2023-05-03T09:27:00.000,12.0,5.055836936662672e-06
369,7825.0,202305031003.0,736380600.0,1.7678483345662244e-05,1.3285181921673939e-05,1.334026728727622e-05,1.0981059858750086e-05,True,True,True,True,True,,3.157141e-05,2023-05-03T10:14:00.000,11.0,4.166180133324815e-06
370,7826.0,202305031036.0,736382400.0,3.776265657506883e-05,2.5049999749171548e-05,2.6439405701239593e-05,1.7472806575824507e-05,True,True,True,True,True,,7.3510855e-05,2023-05-03T10:45:00.000,9.0,8.7321695900755e-06
372,7828.0,202305031224.0,736389120.0,8.802355296211317e-06,6.17695513938088e-06,6.395431682904018e-06,4.6864724936313e-06,True,True,True,False,True,,1.8053775e-05,2023-05-03T12:35:00.000,11.0,2.3105862965167034e-06
373,7829.0,202305031343.0,736393620.0,7.560178346466273e-06,5.486246209329693e-06,5.679930836777203e-06,4.273181275493698e-06,True,True,True,False,True,,2.2348704e-05,2023-05-03T13:50:00.000,7.0,1.9257079202361638e-06
374,7840.0,202305040805.0,736461300.0,3.9630624087294564e-05,3.898754221154377e-05,3.9573216781718656e-05,3.7871028325753286e-05,True,True,True,True,True,M3.9,3.960402e-05,2023-05-04T08:44:00.000,39.0,1.5102469888006453e-06
375,7873.0,202305081410.0,736827540.0,2.6583993530948646e-06,2.1260175344650634e-06,2.151431999664055e-06,1.8447640286467504e-06,False,False,False,False,True,C9.6,9.649482e-06,2023-05-08T14:21:00.000,11.0,1.139645519288024e-06
376,7877.0,202305082011.0,736849200.0,1.8775488570099697e-05,1.4443349755310919e-05,1.4961356100684498e-05,1.1730193364201114e-05,True,True,True,True,True,M2.3,2.3156876e-05,2023-05-08T20:25:00.000,14.0,1.9065520291405846e-06
377,7882.0,202305090342.0,736876200.0,5.266357402433641e-05,4.333645847509615e-05,4.415406510815956e-05,3.728344745468348e-05,True,True,True,True,True,M6.5,6.574174e-05,2023-05-09T03:54:00.000,12.0,2.6750831239041872e-06
378,7883.0,202305090555.0,736884660.0,1.0375264537287876e-05,1.0033457328972872e-05,1.0375264537287876e-05,9.431332728127018e-06,True,True,True,True,True,M1.2,1.2617723e-05,2023-05-09T06:13:00.000,18.0,1.7292912843913655e-06
379,7893.0,202305091820.0,736929420.0,3.6487206671154127e-05,3.354273576405831e-05,3.9141734305303544e-05,3.5790017136605456e-05,True,True,True,True,True,M4.2,4.2909116e-05,2023-05-09T18:58:00.000,38.0,2.296494130860083e-06
380,7894.0,202305092032.0,736937040.0,5.023715493734926e-05,4.698782504419796e-05,4.869876283919439e-05,4.312191958888434e-05,True,True,True,True,True,M5.0,5.0188308e-05,2023-05-09T20:52:00.000,20.0,7.086528967192862e-06
381,7899.0,202305101411.0,737000160.0,1.8420620108372532e-05,1.6002684787963517e-05,1.616818190086633e-05,1.4395322068594396e-05,True,True,True,True,True,M2.2,2.2674185e-05,2023-05-10T14:21:00.000,10.0,1.9513204279064666e-06
382,7911.0,202305110847.0,737067300.0,2.0912148102070205e-05,1.6876138033694588e-05,1.7673522961558774e-05,1.3875530385121237e-05,True,True,True,True,True,M2.1,2.1976146e-05,2023-05-11T09:01:00.000,14.0,1.1363989642632077e-06
383,7914.0,202305111813.0,737101320.0,1.8485268810763955e-05,1.4792910405958537e-05,1.551321111037396e-05,1.2225515092723072e-05,True,True,True,True,True,M1.8,1.8860357e-05,2023-05-11T18:29:00.000,16.0,1.630505266803084e-06
384,7941.0,202305140907.0,737327760.0,3.335825113026658e-06,2.3814102405594895e-06,2.402954578428762e-06,1.8778109733830206e-06,False,False,False,False,True,C7.0,7.018067e-06,2023-05-14T09:17:00.000,10.0,9.84186158348166e-07
385,7953.0,202305161631.0,737527020.0,8.403077663388103e-05,6.35388059890829e-05,6.596223829546943e-05,5.0087779527530074e-05,True,True,True,True,True,M9.6,9.619491e-05,2023-05-16T16:43:00.000,12.0,9.978554089684621e-07
386,7962.0,202305172138.0,737631900.0,7.114545496733626e-06,6.437442152673611e-06,6.4621185629221145e-06,6.051574473531218e-06,True,True,True,True,True,C9.5,9.592983e-06,2023-05-17T21:48:00.000,10.0,1.9232127215218497e-06
387,7966.0,202305180613.0,737662980.0,7.985130650922656e-06,6.965849024709314e-06,7.134945917641744e-06,6.216094789124327e-06,True,True,True,True,True,M1.0,1.02287395e-05,2023-05-18T06:26:00.000,13.0,1.3830280067850254e-06
388,7967.0,202305180648.0,737664780.0,8.130700734909624e-06,6.877683972561499e-06,6.896586455695797e-06,6.216471319930861e-06,True,True,True,True,True,M1.2,1.2864894e-05,2023-05-18T06:55:00.000,7.0,3.5404520986048738e-06
390,7972.0,202305181132.0,737681940.0,2.248085911560338e-05,2.056185076071415e-05,2.0785872038686648e-05,1.910726132337004e-05,True,True,True,True,True,M2.2,2.2462342e-05,2023-05-18T11:47:00.000,15.0,3.434528025536565e-06
392,7977.0,202305181732.0,737703840.0,1.089597753889393e-05,9.62796275416622e-06,9.991134902520571e-06,8.512307431374211e-06,True,True,True,True,True,M1.1,1.11368645e-05,2023-05-18T17:51:00.000,19.0,2.439749323457363e-06
393,7978.0,202305182012.0,737713260.0,3.6250450648367405e-05,3.275384733569808e-05,3.6250450648367405e-05,3.33017815137282e-05,True,True,True,True,True,M3.8,3.8580103e-05,2023-05-18T20:23:00.000,11.0,1.9564529338822467e-06
394,7979.0,202305182051.0,737715300.0,4.506245386437513e-05,4.431697016116232e-05,4.506245386437513e-05,4.3357416871003807e-05,True,True,True,True,True,M4.5,4.5044293e-05,2023-05-18T21:05:00.000,14.0,2.3203550881589763e-05
395,7981.0,202305190041.0,737728980.0,3.430342985666357e-05,2.511723869247362e-05,2.527185461076442e-05,2.0118348402320407e-05,True,True,True,True,True,M5.3,5.3876247e-05,2023-05-19T00:48:00.000,7.0,3.417004791117506e-06
397,7983.0,202305190305.0,737737620.0,1.403765236318577e-05,1.2262448763067368e-05,1.2306393728067633e-05,1.118806903832592e-05,True,True,True,True,True,M1.6,1.6180951e-05,2023-05-19T03:12:00.000,7.0,4.724151494883699e-06
399,7985.0,202305190449.0,737744160.0,1.972763129742816e-05,1.6495358067913912e-05,1.6930160199990496e-05,1.4343240763992071e-05,True,True,True,True,True,M2.5,2.5415915e-05,2023-05-19T05:00:00.000,11.0,2.5274866857216693e-06
400,7999.0,202305191945.0,737798640.0,1.8954942788695917e-05,1.7639895304455422e-05,1.9059407350141555e-05,1.8263626770931296e-05,True,True,True,True,True,M2.3,2.3233073e-05,2023-05-19T20:06:00.000,21.0,3.252462647651555e-06
401,8000.0,202305192014.0,737798640.0,1.8954942788695917e-05,1.7639895304455422e-05,1.9059407350141555e-05,1.8263626770931296e-05,True,True,True,True,True,M2.7,2.7547767e-05,2023-05-19T20:26:00.000,12.0,1.686366886133328e-05
403,8010.0,202305200716.0,737839320.0,6.497895810753107e-05,5.047392551205121e-05,6.497895810753107e-05,4.1822175262495875e-05,True,True,True,True,True,M6.4,6.4969834e-05,2023-05-20T07:32:00.000,16.0,5.454151050798828e-06
404,8012.0,202305201048.0,737851860.0,1.4817835108260624e-05,1.4445657143369317e-05,1.4817835108260624e-05,1.3693234905076679e-05,True,True,True,True,True,M1.6,1.6341868e-05,2023-05-20T10:54:00.000,6.0,3.5097116324322997e-06
405,8013.0,202305201225.0,737857860.0,4.134948903811164e-05,3.0309121939353645e-05,3.1059211323736235e-05,2.4311273591592908e-05,True,True,True,True,True,M8.9,8.964781e-05,2023-05-20T12:35:00.000,10.0,2.924611180787906e-06
406,8015.0,202305201454.0,737866620.0,2.172622953366954e-05,1.7643380488152616e-05,1.7714566638460383e-05,1.5447674741153605e-05,True,True,True,True,True,M5.6,5.6766745e-05,2023-05-20T15:00:00.000,6.0,4.528964836936211e-06
407,8027.0,202305202252.0,737895600.0,5.107987090013921e-05,4.883154178969562e-05,5.107987090013921e-05,4.618736056727357e-05,True,True,True,True,True,M5.1,5.1961484e-05,2023-05-20T23:06:00.000,14.0,2.3838931610953296e-06
408,8029.0,202305210218.0,737907660.0,9.87314160738606e-06,8.132116818160284e-06,8.41818837216124e-06,6.99457450537011e-06,True,True,True,True,True,M1.4,1.414231e-05,2023-05-21T02:23:00.000,5.0,1.8651005575520685e-06
409,8038.0,202305211549.0,737956620.0,2.562024019425735e-05,2.3604879970662296e-05,2.4361899704672396e-05,2.168680657632649e-05,True,True,True,True,True,M2.6,2.6035319e-05,2023-05-21T16:04:00.000,15.0,2.403907274128869e-06
410,8047.0,202305221319.0,738034020.0,1.952992897713557e-05,1.7486503566033207e-05,1.952992897713557e-05,1.5215452549455222e-05,True,True,True,True,True,,7.2561156e-06,2023-05-22T13:27:00.000,8.0,1.8015454088526894e-06
411,8048.0,202305221330.0,738034020.0,1.952992897713557e-05,1.7486503566033207e-05,1.952992897713557e-05,1.5215452549455222e-05,True,True,True,True,False,,3.4671034e-06,2023-05-22T13:31:00.000,1.0,3.4308925478399033e-06
413,8057.0,202305231207.0,738115740.0,5.897422397538321e-06,4.740198619401781e-06,4.705629635282094e-06,4.162727691436885e-06,True,False,False,False,True,M3.0,3.093681e-05,2023-05-23T12:13:00.000,6.0,2.8453271170292282e-06
414,8059.0,202305231434.0,738124560.0,2.1398407170636347e-06,2.079106479868642e-06,2.084805828417302e-06,2.038436150542111e-06,False,False,False,False,True,C6.9,6.906171e-06,2023-05-23T14:36:00.000,2.0,1.8136358903575456e-06
415,8070.0,202305240951.0,738194220.0,5.772415534011088e-06,5.553811206482351e-06,5.679690275428584e-06,5.300425527821062e-06,True,True,True,True,True,M1.0,1.0213806e-05,2023-05-24T09:58:00.000,7.0,1.3539838619180955e-06
416,8074.0,202305241704.0,738220500.0,1.907481055241078e-05,1.8287582861375995e-05,1.907481055241078e-05,1.745034933264833e-05,True,True,True,True,True,M1.8,1.8525629e-05,2023-05-24T17:21:00.000,17.0,1.7006934740493307e-06
417,8082.0,202305250435.0,738262080.0,1.7568688690516865e-06,1.6686230992490891e-06,1.740431684993382e-06,1.6729792378100683e-06,False,False,False,False,False,C3.7,3.7462848e-06,2023-05-25T04:43:00.000,8.0,9.623059895602637e-07
419,8094.0,202305251437.0,738297780.0,7.858078788558487e-06,5.185845566302305e-06,5.419122317107394e-06,3.6263618312659673e-06,True,True,True,False,True,M1.1,1.1876113e-05,2023-05-25T14:46:00.000,9.0,1.458340193494223e-06
420,8109.0,202305270432.0,738434040.0,2.322972250112798e-06,1.5255997141139233e-06,1.4894344531057868e-06,1.1744108405764564e-06,False,False,False,False,True,C8.4,8.474115e-06,2023-05-27T04:35:00.000,3.0,1.0140446420336957e-06
421,8120.0,202305281021.0,738541980.0,8.776580216363072e-06,8.20222976471996e-06,8.429280569544062e-06,7.656142770429142e-06,True,True,True,True,True,M1.0,1.0142524e-05,2023-05-28T10:36:00.000,15.0,9.000503382594616e-07
422,8137.0,202305301015.0,738714000.0,6.81416076986352e-06,5.285073257255135e-06,5.5154132496681996e-06,4.271158559276955e-06,True,True,True,False,True,M1.3,1.3681116e-05,2023-05-30T10:22:00.000,7.0,1.3192722008170676e-06
423,8138.0,202305301335.0,738725880.0,2.996518560394179e-06,2.6261830043949885e-06,2.5820847895374754e-06,2.5192450721078785e-06,False,False,False,False,True,M1.4,1.49036505e-05,2023-05-30T13:38:00.000,3.0,1.714651830297953e-06
424,8145.0,202305310424.0,738779520.0,1.0729463610914536e-05,8.829526450426783e-06,1.0671553354768548e-05,8.929678187996615e-06,True,True,True,True,True,M1.3,1.31739325e-05,2023-05-31T04:38:00.000,14.0,3.0948456242185785e-06
425,8152.0,202305311223.0,738807900.0,2.6949858238367597e-06,2.613289325381629e-06,2.7824341941595776e-06,2.6730101581051713e-06,False,False,False,False,True,M1.0,1.0494938e-05,2023-05-31T12:26:00.000,3.0,2.47702928390936e-06
426,8160.0,202305311953.0,738835500.0,9.066140592040028e-06,8.60028467286611e-06,8.773895388003439e-06,8.158895980159286e-06,True,True,True,True,True,C9.6,9.63824e-06,2023-05-31T20:10:00.000,17.0,1.7224614339284017e-06
427,8163.0,202305312214.0,738845100.0,4.2819545342354104e-05,4.216269371681847e-05,4.260528658051044e-05,4.120620360481553e-05,True,True,True,True,True,M4.2,4.2883014e-05,2023-05-31T22:52:00.000,38.0,1.0163995284528937e-05
428,8174.0,202306020232.0,738945600.0,3.6265485050535062e-06,2.8330389341135742e-06,2.8740766992996214e-06,2.3981219783308916e-06,False,False,False,False,True,M1.5,1.5376632e-05,2023-06-02T02:41:00.000,9.0,1.8093062408297556e-06
430,8207.0,202306061855.0,739349880.0,3.695891336974455e-06,3.18699221679708e-06,3.231885102650267e-06,2.8777492389053805e-06,False,False,False,False,True,C7.5,7.5030603e-06,2023-06-06T19:00:00.000,5.0,1.7507902612123871e-06
431,8211.0,202306071118.0,739409580.0,4.722159792436287e-05,4.469616760616191e-05,4.722159792436287e-05,4.6062792534939945e-05,True,True,True,True,True,M4.7,4.721715e-05,2023-06-07T11:46:00.000,28.0,1.8554034113549278e-06
432,8213.0,202306071825.0,739434480.0,9.096957910514902e-06,8.177458767022472e-06,8.448373591818381e-06,7.459395419573411e-06,True,True,True,True,True,C8.7,8.7854305e-06,2023-06-07T18:29:00.000,4.0,1.1571692084544338e-06
433,8283.0,202306161952.0,740217540.0,5.241763574304059e-06,4.496502697293181e-06,4.602233730111038e-06,3.962929895351408e-06,True,False,False,False,True,M1.0,1.0530164e-05,2023-06-16T19:59:00.000,7.0,1.3182213933760067e-06
435,8290.0,202306180025.0,740320200.0,7.6287719821266364e-06,5.524746939045144e-06,5.765528385381913e-06,4.215412445773836e-06,True,True,True,False,True,M1.3,1.3264054e-05,2023-06-18T00:31:00.000,6.0,1.8303122715224163e-06
436,8298.0,202306190337.0,740418420.0,1.1551976058399305e-05,6.6719935603032354e-06,7.0018991209508386e-06,4.0807885852700565e-06,True,True,True,False,True,M1.4,1.4781652e-05,2023-06-19T03:50:00.000,13.0,2.1070241018605884e-06
438,8302.0,202306191206.0,740448540.0,4.928667294734623e-06,2.9261175313877175e-06,2.7149799279868603e-06,2.1667633518518414e-06,False,False,False,False,True,M1.1,1.1881611e-05,2023-06-19T12:14:00.000,8.0,1.7879020788313937e-06
440,8313.0,202306201117.0,740532180.0,1.612518281035591e-05,1.3862531886843499e-05,1.4303872376331128e-05,1.2172528840892483e-05,True,True,True,True,True,M1.8,1.8353629e-05,2023-06-20T11:25:00.000,8.0,9.336295988759957e-06
441,8328.0,202306211531.0,740633820.0,2.8826507332269102e-06,2.3461477667297004e-06,2.3225722998176934e-06,2.092169779643882e-06,False,False,False,False,True,M1.0,1.0018185e-05,2023-06-21T15:38:00.000,7.0,1.5678609770475305e-06
442,8338.0,202306222329.0,740749020.0,4.840681503992528e-05,4.309034557081759e-05,4.4636701204581186e-05,3.855266550090164e-05,True,True,True,True,True,,4.8958158e-05,2023-06-22T23:44:00.000,15.0,1.698014784778934e-06
443,8354.0,202306241211.0,740880900.0,5.0766066124197096e-06,2.7672670057654614e-06,2.5169626951537794e-06,1.9019668116015964e-06,True,False,False,False,True,M1.1,1.1348791e-05,2023-06-24T12:17:00.000,6.0,1.2300620255700778e-06
444,8387.0,202306261608.0,741068280.0,1.231016813107999e-05,1.1707786143233534e-05,1.2237106602697168e-05,1.0765531442302745e-05,True,True,True,True,True,M1.6,1.6185244e-05,2023-06-26T16:22:00.000,14.0,1.0866743878068519e-06
445,8397.0,202306271457.0,741150720.0,9.85757742455462e-06,9.023933671414852e-06,9.85757742455462e-06,9.42672249948373e-06,True,True,True,True,True,M1.2,1.27224985e-05,2023-06-27T15:14:00.000,17.0,1.1527077958817245e-06
446,8398.0,202306271519.0,741150720.0,9.85757742455462e-06,9.023933671414852e-06,9.85757742455462e-06,9.42672249948373e-06,True,True,True,True,True,C9.7,9.774067e-06,2023-06-27T15:25:00.000,6.0,7.709685633017216e-06
447,8415.0,202306280826.0,741213480.0,1.9007062292075716e-05,1.6321200746460818e-05,1.6838395822560415e-05,1.4379572348843794e-05,True,True,True,True,True,M1.9,1.9683825e-05,2023-06-28T08:44:00.000,18.0,1.0286685210303403e-06
448,8418.0,202306281833.0,741249540.0,2.2067790723667713e-06,2.0299964944570092e-06,2.057061692539719e-06,1.9124095160805155e-06,False,False,False,False,True,C5.4,5.4659577e-06,2023-06-28T18:39:00.000,6.0,1.3825011819790234e-06
449,8428.0,202306291400.0,741319860.0,2.7217436581850052e-05,2.0474717530305497e-05,2.151397529814858e-05,1.6216796211665496e-05,True,True,True,True,True,M3.8,3.8475413e-05,2023-06-29T14:15:00.000,15.0,1.4409681625693338e-06
450,8449.0,202307020229.0,741537180.0,4.5366177801042795e-06,3.1283398129744455e-06,2.9997315778018674e-06,2.6613172394718276e-06,False,False,False,False,True,M2.0,2.0928293e-05,2023-07-02T02:35:00.000,6.0,1.6993215012917062e-06
451,8450.0,202307020246.0,741537180.0,4.5366177801042795e-06,3.1283398129744455e-06,2.9997315778018674e-06,2.6613172394718276e-06,False,False,False,False,False,C4.1,4.1611993e-06,2023-07-02T02:56:00.000,10.0,2.5672095489426283e-06
452,8458.0,202307022119.0,741605100.0,4.187763352092588e-06,3.2606203603791073e-06,3.226986564186518e-06,2.7786093141912716e-06,False,False,False,False,True,C7.3,7.376426e-06,2023-07-02T21:26:00.000,7.0,1.927918447108823e-06
453,8460.0,202307022254.0,741610920.0,0.00010650405602063984,0.00010197389201493934,0.00010650405602063984,0.00010470781853655353,True,True,True,True,True,X1.0,0.000106504056,2023-07-02T23:14:00.000,20.0,3.424190708756214e-06
455,8465.0,202307030643.0,741639000.0,7.108671070454875e-06,6.2354097281058785e-06,6.1537530200439505e-06,5.905718353460543e-06,True,True,True,True,True,M1.3,1.37658635e-05,2023-07-03T06:53:00.000,10.0,1.7516745174361859e-06
456,8483.0,202307041220.0,741745620.0,1.485976008552825e-05,1.4256950635171961e-05,1.4533958164975047e-05,1.3526593647839036e-05,True,True,True,True,True,M1.4,1.4824998e-05,2023-07-04T12:35:00.000,15.0,1.594911168467661e-06
457,8494.0,202307051033.0,741825720.0,4.173880824964726e-06,3.736672397280927e-06,3.920722519978881e-06,3.6329831800685497e-06,False,False,False,False,True,C7.5,7.589649e-06,2023-07-05T10:43:00.000,10.0,2.3658517420699354e-06
458,8495.0,202307051055.0,741825720.0,4.173880824964726e-06,3.736672397280927e-06,3.920722519978881e-06,3.6329831800685497e-06,False,False,False,False,True,C8.2,8.244185e-06,2023-07-05T11:00:00.000,5.0,3.262416612415109e-06
460,8513.0,202307070617.0,741983160.0,2.670727189979516e-05,2.1004017980885692e-05,2.1674342860933393e-05,1.7241545720025897e-05,True,True,True,True,True,M4.0,4.0558723e-05,2023-07-07T06:29:00.000,12.0,1.5650247178200516e-06
461,8547.0,202307102206.0,742299240.0,1.2534051165857818e-05,1.057665667758556e-05,1.0878360626520589e-05,9.185308044834528e-06,True,True,True,True,True,M1.4,1.4950536e-05,2023-07-10T22:18:00.000,12.0,2.426583932901849e-06
463,8549.0,202307110210.0,742313640.0,3.5107041185256094e-06,3.271226887591183e-06,3.330944537083269e-06,3.081495378864929e-06,False,False,False,False,True,C8.1,8.100688e-06,2023-07-11T02:14:00.000,4.0,2.4237933757831343e-06
464,8556.0,202307111419.0,742357860.0,1.5994326531654224e-05,1.3660580407304224e-05,1.4096700397203676e-05,1.1888060726050753e-05,True,True,True,True,True,M2.0,2.000503e-05,2023-07-11T14:35:00.000,16.0,4.160297066846397e-06
465,8558.0,202307111751.0,742370340.0,6.829782796557993e-05,6.272478640312329e-05,6.701264646835625e-05,5.38667845830787e-05,True,True,True,True,True,M6.8,6.8270085e-05,2023-07-11T18:08:00.000,17.0,4.9003529056790285e-06
466,8560.0,202307112204.0,742385520.0,3.550638211891055e-05,3.1322400900535285e-05,3.236384145566262e-05,2.799093817884568e-05,True,True,True,True,True,M5.8,5.8560527e-05,2023-07-11T22:15:00.000,11.0,5.808088644698728e-06
467,8561.0,202307112334.0,742390560.0,9.803445209399797e-06,9.438113920623437e-06,9.447263437323272e-06,9.193771802529227e-06,True,True,True,True,True,M1.2,1.25155875e-05,2023-07-11T23:37:00.000,3.0,7.334211204579333e-06
468,8562.0,202307120021.0,742393800.0,1.1182906746398658e-05,9.565493201080244e-06,9.691839295555837e-06,8.589056051278021e-06,True,True,True,True,True,M1.4,1.47925675e-05,2023-07-12T00:31:00.000,10.0,7.029618245724123e-06
470,8565.0,202307120510.0,742410720.0,1.079266075976193e-05,9.431114449398592e-06,9.602194040780887e-06,8.429122317465954e-06,True,True,True,True,True,M1.3,1.3514397e-05,2023-07-12T05:14:00.000,4.0,5.976358806947246e-06
473,8569.0,202307120849.0,742423860.0,3.368440593476407e-05,1.949555917235557e-05,1.90827722690301e-05,1.2972860531590413e-05,True,True,True,True,True,M6.9,6.971211e-05,2023-07-12T08:55:00.000,6.0,5.4383472161134705e-06
474,8570.0,202307121023.0,742429680.0,4.611091753758956e-06,4.083073690708261e-06,4.077849098393926e-06,3.807575012615416e-06,False,False,False,False,True,C9.1,9.168557e-06,2023-07-12T10:29:00.000,6.0,4.705408628069563e-06
475,8583.0,202307130505.0,742497660.0,4.652592906495556e-06,4.3729164644901175e-06,4.3633517634589225e-06,4.242032900947379e-06,False,False,False,False,True,C7.7,7.7484365e-06,2023-07-13T05:11:00.000,6.0,2.9290579277585493e-06
476,8590.0,202307131855.0,742547580.0,2.1125892089912668e-05,1.9823377442662604e-05,2.0280202079447918e-05,1.8562006516731344e-05,True,True,True,True,True,M2.1,2.1225631e-05,2023-07-13T19:20:00.000,25.0,5.624520326819038e-06
477,8606.0,202307150721.0,742678200.0,2.933331961685326e-05,2.883598062908277e-05,2.933331961685326e-05,2.864083398890216e-05,True,True,True,True,True,M2.9,2.9322193e-05,2023-07-15T07:41:00.000,20.0,1.8803413013301906e-06
478,8608.0,202307150943.0,742686720.0,3.2416999147244496e-06,2.6564832751319045e-06,3.093110535701271e-06,2.5680776616354706e-06,False,False,False,False,True,M1.0,1.0685298e-05,2023-07-15T09:53:00.000,10.0,1.6915715832510614e-06
479,8609.0,202307151005.0,742686720.0,3.2416999147244496e-06,2.6564832751319045e-06,3.093110535701271e-06,2.5680776616354706e-06,False,False,False,False,True,M2.2,2.2109876e-05,2023-07-15T10:10:00.000,5.0,2.5604908842069563e-06
480,8611.0,202307151950.0,742723140.0,1.8321323977943393e-06,1.5819567806829582e-06,1.5359156577687827e-06,1.5101853705346002e-06,False,False,False,False,True,C8.8,8.80597e-06,2023-07-15T20:01:00.000,11.0,1.3565265817305772e-06
481,8620.0,202307160816.0,742767840.0,3.408242264413275e-06,2.596468902993365e-06,4.2308997763029765e-06,3.2873158488655463e-06,False,False,False,False,True,M1.0,1.0906236e-05,2023-07-16T08:26:00.000,10.0,1.7621274537304998e-06
482,8621.0,202307160831.0,742767840.0,3.408242264413275e-06,2.596468902993365e-06,4.2308997763029765e-06,3.2873158488655463e-06,False,False,False,False,False,C4.7,4.7706894e-06,2023-07-16T08:41:00.000,10.0,1.9624774267867906e-06
483,8626.0,202307161457.0,742792020.0,2.2168349005369237e-06,1.8973449869008618e-06,1.8723025050348951e-06,1.724382286738546e-06,False,False,False,False,True,M1.7,1.7931845e-05,2023-07-16T15:08:00.000,11.0,1.4538511550199473e-06
484,8628.0,202307161736.0,742801200.0,4.023569272249006e-05,3.659505091491155e-05,3.795134762185626e-05,3.285407365183346e-05,True,True,True,True,True,M4.0,4.0221756e-05,2023-07-16T17:46:00.000,10.0,1.9007078435606672e-06
486,8652.0,202307172241.0,742905960.0,2.7247018806519918e-05,2.5502044081804343e-05,2.641300488903653e-05,2.3316119040828198e-05,True,True,True,True,True,,2.7232702e-05,2023-07-17T22:54:00.000,13.0,4.955857093591476e-06
487,8653.0,202307172317.0,742908000.0,5.0089605792891234e-05,4.8268779210047796e-05,5.012128531234339e-05,4.973530303686857e-05,True,True,True,True,True,,5.0118208e-05,2023-07-17T23:34:00.000,17.0,7.1213817136595026e-06
488,8654.0,202307172337.0,742908180.0,5.012128531234339e-05,4.981210804544389e-05,5.012128531234339e-05,4.951005757902749e-05,True,True,True,True,True,M5.7,5.72082e-05,2023-07-18T00:06:00.000,29.0,4.889050615020096e-05
489,8656.0,202307180645.0,742935180.0,9.120157301367726e-06,7.169407126639271e-06,7.166362138377735e-06,6.226074674486881e-06,True,True,True,True,True,M1.5,1.5264264e-05,2023-07-18T06:56:00.000,11.0,4.349275968706934e-06
491,8666.0,202307182016.0,742983660.0,2.1112398826517165e-05,1.9011828044313006e-05,1.9574037651182152e-05,1.715594953566324e-05,True,True,True,True,True,M2.1,2.1471305e-05,2023-07-18T20:27:00.000,11.0,1.1797750630648807e-05
492,8667.0,202307182236.0,742992180.0,3.7108877677383134e-06,3.2721920888434397e-06,3.351902705617249e-06,3.154550313411164e-06,False,False,False,False,True,C8.5,8.577989e-06,2023-07-18T22:44:00.000,8.0,2.65748394667753e-06
493,8674.0,202307191049.0,743036040.0,6.033452336851042e-06,4.098281351616606e-06,3.997539806732675e-06,3.363492623975617e-06,True,False,False,False,True,M1.4,1.4046566e-05,2023-07-19T10:57:00.000,8.0,1.909859292936744e-06
494,8680.0,202307191704.0,743058780.0,3.813013609033078e-05,3.718673178809695e-05,3.813013609033078e-05,3.750179530470632e-05,True,True,True,True,True,M3.8,3.8070546e-05,2023-07-19T17:25:00.000,21.0,1.9858559880958637e-06
495,8687.0,202307201940.0,743154480.0,3.7528811844822485e-06,3.0128524031169945e-06,3.0359483389474917e-06,2.6189247819274897e-06,False,False,False,False,True,C9.7,9.704376e-06,2023-07-20T19:49:00.000,9.0,1.4127491567705874e-06
496,8692.0,202307220312.0,743268480.0,3.191235373378731e-05,3.0776482162764296e-05,3.1617462809663266e-05,2.91313244815683e-05,True,True,True,True,True,M3.1,3.191189e-05,2023-07-22T03:37:00.000,25.0,1.3650288792632637e-06
497,8697.0,202307230442.0,743359920.0,4.986285603081342e-06,4.1400271584279835e-06,4.207216079521459e-06,3.635234861576464e-06,False,False,False,False,True,C9.9,9.94631e-06,2023-07-23T04:54:00.000,12.0,1.5125992831599433e-06
498,8715.0,202307252108.0,743591580.0,1.1029394045181107e-05,9.710710401122924e-06,9.888907698041294e-06,8.899845852283761e-06,True,True,True,True,True,,1.657066e-05,2023-07-25T21:16:00.000,8.0,3.3901544611580903e-06
499,8725.0,202307261017.0,743639400.0,4.5496683014789596e-05,3.8729722291463986e-05,4.039003397338092e-05,3.324831050122157e-05,True,True,True,True,True,M4.6,4.633325e-05,2023-07-26T10:37:00.000,20.0,1.9427354800427565e-06
500,8729.0,202307261550.0,743658960.0,1.4516967894451227e-05,1.2153832358308136e-05,1.2266755220480263e-05,1.100411554944003e-05,True,True,True,True,True,M2.0,2.0603446e-05,2023-07-26T15:59:00.000,9.0,3.8381826925615314e-06
501,8739.0,202307270927.0,743722860.0,1.9870014511980116e-05,1.817823067540303e-05,1.9870014511980116e-05,1.658798828430008e-05,True,True,True,True,True,C9.1,9.159327e-06,2023-07-27T09:42:00.000,15.0,1.9151823380525457e-06
502,8740.0,202307270944.0,743722860.0,1.9870014511980116e-05,1.817823067540303e-05,1.9870014511980116e-05,1.658798828430008e-05,True,True,True,True,True,M1.9,1.9847486e-05,2023-07-27T09:51:00.000,7.0,6.678316367469961e-06
503,8754.0,202307281444.0,743827800.0,7.326439117605332e-06,6.546413715113886e-06,6.924080935277743e-06,5.664319814968621e-06,True,True,True,True,True,C7.8,7.823887e-06,2023-07-28T14:51:00.000,7.0,2.2583187728741905e-06
504,8755.0,202307281539.0,743831100.0,4.111761518288404e-05,4.025163434562273e-05,4.111761518288404e-05,4.083608291693963e-05,True,True,True,True,True,M4.1,4.1089203e-05,2023-07-28T15:58:00.000,19.0,1.5393284229503479e-06
505,8762.0,202307291611.0,743919600.0,1.2372047422104515e-05,1.0646824193827342e-05,1.0850084436242469e-05,9.543445230519865e-06,True,True,True,True,True,M1.4,1.4376925e-05,2023-07-29T16:24:00.000,13.0,2.413991978755803e-06
506,8767.0,202307300801.0,743976600.0,1.8662147340364754e-05,1.787224755389616e-05,1.8662147340364754e-05,1.7870326701086015e-05,True,True,True,True,True,M1.8,1.853159e-05,2023-07-30T08:14:00.000,13.0,1.5122615195650724e-06
507,8768.0,202307300818.0,743976600.0,1.8662147340364754e-05,1.787224755389616e-05,1.8662147340364754e-05,1.7870326701086015e-05,True,True,True,True,True,M1.8,1.8658828e-05,2023-07-30T08:22:00.000,4.0,1.6803645848995075e-05
508,8782.0,202308010427.0,744136740.0,2.2125004761619493e-05,2.1457299226312898e-05,2.162645432690624e-05,2.081589809677098e-05,True,True,True,True,True,M2.2,2.2095008e-05,2023-08-01T04:47:00.000,20.0,3.620178631535964e-06
509,8783.0,202308010530.0,744140160.0,9.834920092544053e-06,9.399003829457797e-06,9.3619164545089e-06,9.124775715463329e-06,True,True,True,True,True,M1.3,1.350789e-05,2023-08-01T05:37:00.000,7.0,8.845456250128336e-06
510,8784.0,202308010628.0,744143820.0,3.353940337547101e-05,3.117778032901697e-05,3.4697608498390764e-05,3.3049796911654994e-05,True,True,True,True,True,M3.6,3.655864e-05,2023-08-01T06:57:00.000,29.0,4.130906745558605e-06
511,8785.0,202308010903.0,744152700.0,1.0283264600730035e-05,9.189848242385779e-06,9.153885912382975e-06,8.672624062455725e-06,True,True,True,True,True,M1.5,1.5707014e-05,2023-08-01T09:09:00.000,6.0,3.1264985409507062e-06
512,8788.0,202308011402.0,744170640.0,1.2277694622753188e-05,1.1437754437793046e-05,1.1456307220214512e-05,1.085073654394364e-05,True,True,True,True,True,M1.4,1.4365779e-05,2023-08-01T14:09:00.000,7.0,2.6741809051600285e-06
514,8795.0,202308020803.0,744235560.0,1.263573176402133e-05,1.1028259905287996e-05,1.1102167263743468e-05,9.937018148775678e-06,True,True,True,True,True,M1.3,1.3558652e-05,2023-08-02T08:12:00.000,9.0,5.0202202146465424e-06
515,8796.0,202308021044.0,744245280.0,4.831626029044855e-06,4.620416348188883e-06,4.7950215957826e-06,4.616329533746466e-06,False,False,False,False,True,M1.2,1.2436654e-05,2023-08-02T10:50:00.000,6.0,4.5031774789094925e-06
516,8797.0,202308021108.0,744247020.0,5.3303797358239535e-06,4.922498646919848e-06,4.986586645827629e-06,4.645102762879105e-06,True,False,False,False,True,C9.4,9.483614e-06,2023-08-02T11:17:00.000,9.0,4.199190698273014e-06
517,8798.0,202308021446.0,744259860.0,4.6491791181324515e-06,4.510724465944804e-06,4.553954113362124e-06,4.4177481868246105e-06,False,False,False,False,True,M1.7,1.7011036e-05,2023-08-02T14:52:00.000,6.0,3.050049144803779e-06
518,8799.0,202308021613.0,744265200.0,-9999.0,-9999.0,-9999.0,-9999.0,False,False,False,False,True,M1.3,1.344435e-05,2023-08-02T16:22:00.000,9.0,3.446242544669076e-06
519,8814.0,202308031147.0,744335580.0,5.218135356699349e-06,4.0967174754769076e-06,4.335094672569539e-06,3.3196358799614245e-06,True,False,False,False,True,M2.0,2.0773798e-05,2023-08-03T11:55:00.000,8.0,2.120215413015103e-06
520,8834.0,202308050923.0,744499680.0,2.1349636881495826e-05,2.0544035578495823e-05,2.0882174794678576e-05,1.9640616301330738e-05,True,True,True,True,True,M2.1,2.1335038e-05,2023-08-05T09:36:00.000,13.0,8.604027243563905e-06
521,8840.0,202308052145.0,744544680.0,0.00011822565284091979,9.059393050847575e-05,0.00013535100151784718,0.00011200684821233153,True,True,True,True,True,X1.6,0.00016174681,2023-08-05T22:21:00.000,36.0,3.121840563835576e-06
522,8843.0,202308061820.0,744618480.0,5.5097098083933815e-05,5.269115717965178e-05,5.5097098083933815e-05,5.350484570953995e-05,True,True,True,True,True,M5.5,5.507334e-05,2023-08-06T18:40:00.000,20.0,1.2049690667481627e-06
